0.000000000000000000e+00 9.999999999999998040e-04 0.000000000000000000e+00 0.000000000000000000e+00 -3.468892624522627085e-03 -7.767402500585355599e-15
1.000000000000000000e+00 1.190082644628098806e-03 9.999999999999998040e-04 2.040816326530612321e-04 -3.468892624522627085e-03 -7.767402500585355599e-15
2.000000000000000000e+00 1.396694214876033173e-03 2.190082644628098610e-03 4.081632653061224641e-04 -3.468892624522627085e-03 -1.954442233321817116e-06
3.000000000000000000e+00 1.619834710743801604e-03 3.586776859504131783e-03 6.122448979591836420e-04 -3.468892624522627085e-03 -3.912070873813748682e-06
4.000000000000000000e+00 1.859504132231404750e-03 5.206611570247933821e-03 8.163265306122449282e-04 -3.468892624522627085e-03 -5.872807863662681475e-06
5.000000000000000000e+00 2.115702479338842611e-03 7.066115702479338137e-03 1.020408163265306214e-03 -3.468892624522627085e-03 -7.836568764775298835e-06
6.000000000000000000e+00 2.388429752066115620e-03 9.181818181818179880e-03 1.224489795918367284e-03 -3.468892624522627085e-03 -9.803263152544430397e-06
7.000000000000000000e+00 2.677685950413222910e-03 1.157024793388429507e-02 1.428571428571428570e-03 -3.468892624522627085e-03 -1.177279501087213696e-05
8.000000000000000000e+00 2.983471074380164914e-03 1.424793388429751798e-02 1.632653061224489856e-03 -3.468892624522627085e-03 -1.374506317304995805e-05
9.000000000000000000e+00 3.305785123966942067e-03 1.723140495867768462e-02 1.836734693877551143e-03 -3.468892624522627085e-03 -1.571996180722034069e-05
1.000000000000000000e+01 3.644628099173553501e-03 2.053719008264462756e-02 2.040816326530612429e-03 -3.468892624522627085e-03 -1.769738094298514746e-05
1.100000000000000000e+01 3.999999999999999216e-03 2.418181818181817933e-02 2.244897959183673498e-03 -3.468892624522627085e-03 -1.967720704377430127e-05
1.200000000000000000e+01 4.371900826446280947e-03 2.818181818181817941e-02 2.448979591836734568e-03 -3.468892624522627085e-03 -2.165932362002598020e-05
1.300000000000000000e+01 4.760330578512397826e-03 3.255371900826446036e-02 2.653061224489796071e-03 -3.468892624522627085e-03 -2.364361187847664850e-05
1.400000000000000000e+01 5.165289256198346383e-03 3.731404958677685818e-02 2.857142857142857140e-03 -3.468892624522627085e-03 -2.562995141058971023e-05
1.500000000000000000e+01 5.586776859504132692e-03 4.247933884297520196e-02 3.061224489795918643e-03 -3.468892624522627085e-03 -2.761822090765404225e-05
1.600000000000000000e+01 6.024793388429753281e-03 4.806611570247933118e-02 3.265306122448979713e-03 -3.468892624522627085e-03 -2.960829890931668962e-05
1.700000000000000000e+01 6.479338842975206417e-03 5.409090909090908533e-02 3.469387755102040782e-03 -3.468892624522627085e-03 -3.160006456166644017e-05
1.800000000000000000e+01 6.950413223140496435e-03 6.057024793388429001e-02 3.673469387755102285e-03 -3.468892624522627085e-03 -3.359339839982003961e-05
1.900000000000000000e+01 7.438016528925620735e-03 6.752066115702479165e-02 3.877551020408163355e-03 -3.468892624522627085e-03 -3.558818313145832015e-05
2.000000000000000000e+01 7.942148760330577581e-03 7.495867768595040892e-02 4.081632653061224858e-03 -3.468892624522627085e-03 -3.758430441968956139e-05
2.100000000000000000e+01 8.462809917355372177e-03 8.290082644628098130e-02 4.285714285714285927e-03 -3.468892624522627085e-03 -3.958165166031265891e-05
2.200000000000000000e+01 8.999999999999999320e-03 9.136363636363635521e-02 4.489795918367346997e-03 -3.468892624522627085e-03 -4.158011873662566639e-05
2.300000000000000000e+01 9.553719008264462478e-03 1.003636363636363493e-01 4.693877551020408066e-03 -3.468892624522627085e-03 -4.357960475192769787e-05
2.400000000000000000e+01 1.012396694214876165e-02 1.099173553719008101e-01 4.897959183673469136e-03 -3.468892624522627085e-03 -4.558001472491711421e-05
2.500000000000000000e+01 1.071074380165289164e-02 1.200413223140495700e-01 5.102040816326531072e-03 -3.468892624522627085e-03 -4.758126024019843379e-05
2.600000000000000000e+01 1.131404958677685937e-02 1.307520661157024477e-01 5.306122448979592142e-03 -3.468892624522627085e-03 -4.958326004986292617e-05
2.700000000000000000e+01 1.193388429752066139e-02 1.420661157024793175e-01 5.510204081632653211e-03 -3.468892624522627085e-03 -5.158594060998631780e-05
2.800000000000000000e+01 1.257024793388429595e-02 1.539999999999999702e-01 5.714285714285714281e-03 -3.468892624522627085e-03 -5.358923655450422048e-05
2.900000000000000000e+01 1.322314049586776827e-02 1.665702479338842523e-01 5.918367346938775350e-03 -3.468892624522627085e-03 -5.559309109117435889e-05
3.000000000000000000e+01 1.389256198347107486e-02 1.797933884297520102e-01 6.122448979591837287e-03 -3.468892624522627085e-03 -5.759745631845136576e-05
3.100000000000000000e+01 1.457851239669421400e-02 1.936859504132230902e-01 6.326530612244898356e-03 -3.468892624522627085e-03 -5.960229345800423771e-05
3.200000000000000000e+01 1.528099173553719090e-02 2.082644628099173112e-01 6.530612244897959426e-03 -3.468892624522627085e-03 -6.160757299891756876e-05
3.300000000000000000e+01 1.599999999999999686e-02 2.235454545454544917e-01 6.734693877551020495e-03 -3.468892624522627085e-03 -6.361327475053470365e-05
3.400000000000000000e+01 1.673553719008264579e-02 2.395454545454544781e-01 6.938775510204081565e-03 -3.468892624522627085e-03 -6.561938780675874818e-05
3.500000000000000000e+01 1.748760330578512379e-02 2.562809917355371447e-01 7.142857142857143501e-03 -3.468892624522627085e-03 -6.762591041552823445e-05
3.600000000000000000e+01 1.825619834710743780e-02 2.737685950413222824e-01 7.346938775510204571e-03 -3.468892624522627085e-03 -6.963284976402021767e-05
3.700000000000000000e+01 1.904132231404959130e-02 2.920247933884297376e-01 7.551020408163265640e-03 -3.468892624522627085e-03 -7.164022167390846226e-05
3.800000000000000000e+01 1.984297520661157041e-02 3.110661157024793289e-01 7.755102040816326710e-03 -3.468892624522627085e-03 -7.364805021862162997e-05
3.900000000000000000e+01 2.066115702479338553e-02 3.309090909090908750e-01 7.959183673469387779e-03 -3.468892624522627085e-03 -7.565636726494872710e-05
4.000000000000000000e+01 2.149586776859504361e-02 3.515702479338842501e-01 8.163265306122449716e-03 -3.468892624522627085e-03 -7.766521194472371663e-05
4.100000000000000000e+01 2.234710743801653077e-02 3.730661157024792729e-01 8.367346938775509918e-03 -3.468892624522627085e-03 -7.967463006872313035e-05
4.200000000000000000e+01 2.321487603305785047e-02 3.954132231404958175e-01 8.571428571428571855e-03 -3.468892624522627085e-03 -8.168467348486280796e-05
4.300000000000000000e+01 2.409917355371901312e-02 4.186280991735536472e-01 8.775510204081633792e-03 -3.468892624522627085e-03 -8.369539939942902053e-05
4.400000000000000000e+01 2.499999999999999098e-02 4.427272727272726360e-01 8.979591836734693994e-03 -3.468892624522627085e-03 -8.570686966069406703e-05
4.500000000000000000e+01 2.591735537190082567e-02 4.677272727272726027e-01 9.183673469387755930e-03 -3.468892624522627085e-03 -8.771915002142269843e-05
4.600000000000000000e+01 2.685123966942149290e-02 4.936446280991734215e-01 9.387755102040816133e-03 -3.468892624522627085e-03 -8.973230939035147392e-05
4.700000000000000000e+01 2.780165289256197533e-02 5.204958677685949109e-01 9.591836734693878069e-03 -3.468892624522627085e-03 -9.174641907797994526e-05
4.800000000000000000e+01 2.876859504132231113e-02 5.482975206611568897e-01 9.795918367346938271e-03 -3.468892624522627085e-03 -9.376155205024474994e-05
4.900000000000000000e+01 2.975206611570248294e-02 5.770661157024792320e-01 1.000000000000000021e-02 -3.468892624522627085e-03 -9.577778219731237499e-05
5.000000000000000000e+01 3.075206611570246995e-02 6.068181818181817011e-01 1.000000000000000021e-02 -3.468892624522627085e-03 -9.779518362670706899e-05
5.100000000000000000e+01 3.176859504132231032e-02 6.375702479338841711e-01 1.000000000000000021e-02 -3.468688542889974014e-03 -9.772226107983930405e-05
5.200000000000000000e+01 3.280165289256199018e-02 6.693388429752065161e-01 1.000000000000000021e-02 -3.468484461257320944e-03 -9.763962136862166781e-05
5.300000000000000000e+01 3.385123966942148177e-02 7.021404958677684993e-01 1.000000000000000021e-02 -3.468280379624667873e-03 -9.756130165912496263e-05
5.400000000000000000e+01 3.491735537190082672e-02 7.359917355371899950e-01 1.000000000000000021e-02 -3.468076297992014802e-03 -9.748731488584119406e-05
5.500000000000000000e+01 3.600000000000000422e-02 7.709090909090907662e-01 1.000000000000000021e-02 -3.467872216359361732e-03 -9.741765732331293312e-05
5.600000000000000000e+01 3.709917355371900038e-02 8.069090909090907981e-01 1.000000000000000021e-02 -3.467668134726708661e-03 -9.735231001858386931e-05
5.700000000000000000e+01 3.821487603305784991e-02 8.440082644628097430e-01 1.000000000000000021e-02 -3.467464053094055591e-03 -9.729124027381243016e-05
5.800000000000000000e+01 3.934710743801653893e-02 8.822231404958675860e-01 1.000000000000000021e-02 -3.467259971461402520e-03 -9.723440315358351273e-05
5.900000000000000000e+01 4.049586776859503273e-02 9.215702479338840902e-01 1.000000000000000021e-02 -3.467055889828749449e-03 -9.718174298440393055e-05
6.000000000000000000e+01 4.166115702479338684e-02 9.620661157024791299e-01 1.000000000000000021e-02 -3.466851808196096379e-03 -9.713319482401762948e-05
6.100000000000000000e+01 4.284297520661158043e-02 1.003727272727272579e+00 1.000000000000000021e-02 -3.466647726563443308e-03 -9.708868588060722243e-05
6.200000000000000000e+01 4.404132231404957881e-02 1.046570247933884090e+00 1.000000000000000021e-02 -3.466443644930790238e-03 -9.704813686266841165e-05
6.300000000000000000e+01 4.525619834710743750e-02 1.090611570247933759e+00 1.000000000000000021e-02 -3.466239563298137167e-03 -9.701146323934713319e-05
6.400000000000000000e+01 4.648760330578512873e-02 1.135867768595041127e+00 1.000000000000000021e-02 -3.466035481665484096e-03 -9.697857640348710683e-05
6.500000000000000000e+01 4.773553719008263863e-02 1.182355371900826180e+00 1.000000000000000021e-02 -3.465831400032831026e-03 -9.694938472596555915e-05
6.600000000000000000e+01 4.900000000000000189e-02 1.230090909090908902e+00 1.000000000000000021e-02 -3.465627318400177955e-03 -9.692379449675397006e-05
6.700000000000000000e+01 5.028099173553719770e-02 1.279090909090908834e+00 1.000000000000000021e-02 -3.465423236767524885e-03 -9.690171074403975304e-05
6.800000000000000000e+01 5.157851239669420523e-02 1.329371900826445962e+00 1.000000000000000021e-02 -3.465219155134871814e-03 -9.688303793900035770e-05
6.900000000000000000e+01 5.289256198347107307e-02 1.380950413223140272e+00 1.000000000000000021e-02 -3.465015073502218743e-03 -9.686768058078348126e-05
7.000000000000000000e+01 5.422314049586778040e-02 1.433842975206611303e+00 1.000000000000000021e-02 -3.464810991869565673e-03 -9.685554367149075492e-05
7.100000000000000000e+01 5.557024793388429251e-02 1.488066115702479042e+00 1.000000000000000021e-02 -3.464606910236912602e-03 -9.684653308541762008e-05
7.200000000000000000e+01 5.693388429752066493e-02 1.543636363636363251e+00 1.000000000000000021e-02 -3.464402828604259531e-03 -9.684055583829452780e-05
7.300000000000000000e+01 5.831404958677686989e-02 1.600570247933883916e+00 1.000000000000000021e-02 -3.464198746971606461e-03 -9.683752026771357598e-05
7.400000000000000000e+01 5.971074380165288659e-02 1.658884297520660800e+00 1.000000000000000021e-02 -3.463994665338953390e-03 -9.683733613742175170e-05
7.500000000000000000e+01 6.112396694214876358e-02 1.718595041322313666e+00 1.000000000000000021e-02 -3.463790583706300753e-03 -9.683991466917271748e-05
7.600000000000000000e+01 6.255371900826448006e-02 1.779719008264462499e+00 1.000000000000000021e-02 -3.463586502073647683e-03 -9.684516851881161533e-05
7.700000000000000000e+01 6.399999999999998745e-02 1.842272727272727062e+00 1.000000000000000021e-02 -3.463382420440994612e-03 -9.685301170564613921e-05
7.800000000000000000e+01 6.546280991735536903e-02 1.906272727272727119e+00 1.000000000000000021e-02 -3.463178338808341541e-03 -9.686335950321694728e-05
7.900000000000000000e+01 6.694214876033058315e-02 1.971735537190082432e+00 1.000000000000000021e-02 -3.462974257175688471e-03 -9.687612830516323208e-05
8.000000000000000000e+01 6.843801652892561593e-02 2.038677685950413210e+00 1.000000000000000021e-02 -3.462770175543035400e-03 -9.689123547449168957e-05
8.100000000000000000e+01 6.995041322314049514e-02 2.107115702479338992e+00 1.000000000000000021e-02 -3.462566093910382330e-03 -9.690859918243691713e-05
8.200000000000000000e+01 7.147933884297522078e-02 2.177066115702479543e+00 1.000000000000000021e-02 -3.462362012277729259e-03 -9.692813824736988223e-05
8.300000000000000000e+01 7.302479338842975121e-02 2.248545454545454625e+00 1.000000000000000021e-02 -3.462157930645076188e-03 -9.694977198129657884e-05
8.400000000000000000e+01 7.458677685950412806e-02 2.321570247933884446e+00 1.000000000000000021e-02 -3.461953849012423118e-03 -9.697342004753905023e-05
8.500000000000000000e+01 7.616528925619836521e-02 2.396157024793388768e+00 1.000000000000000021e-02 -3.461749767379770047e-03 -9.699900233345460753e-05
8.600000000000000000e+01 7.776033057851239327e-02 2.472322314049587355e+00 1.000000000000000021e-02 -3.461545685747116977e-03 -9.702643884734590276e-05
8.700000000000000000e+01 7.937190082644628164e-02 2.550082644628099970e+00 1.000000000000000021e-02 -3.461341604114463906e-03 -9.705564963757764424e-05
8.800000000000000000e+01 8.099999999999998868e-02 2.629454545454546377e+00 1.000000000000000021e-02 -3.461137522481810835e-03 -9.708655473583368330e-05
8.900000000000000000e+01 8.264462809917354214e-02 2.710454545454546338e+00 1.000000000000000021e-02 -3.460933440849157765e-03 -9.711907413358710308e-05
9.000000000000000000e+01 8.430578512396694202e-02 2.793099173553720060e+00 1.000000000000000021e-02 -3.460729359216504694e-03 -9.715312777819508491e-05
9.100000000000000000e+01 8.598347107438014669e-02 2.877404958677686864e+00 1.000000000000000021e-02 -3.460525277583851624e-03 -9.718863560439029226e-05
9.200000000000000000e+01 8.767768595041321167e-02 2.963388429752066955e+00 1.000000000000000021e-02 -3.460321195951198553e-03 -9.722551758587642584e-05
9.300000000000000000e+01 8.938842975206612307e-02 3.051066115702480097e+00 1.000000000000000021e-02 -3.460117114318545482e-03 -9.726369381882560088e-05
9.400000000000000000e+01 9.111570247933882538e-02 3.140454545454546054e+00 1.000000000000000021e-02 -3.459913032685892412e-03 -9.730308462395224119e-05
9.500000000000000000e+01 9.285950413223140187e-02 3.231570247933885032e+00 1.000000000000000021e-02 -3.459708951053239341e-03 -9.734361067382301205e-05
9.600000000000000000e+01 9.461983471074381091e-02 3.324429752066116350e+00 1.000000000000000021e-02 -3.459504869420586270e-03 -9.738519313746704187e-05
9.700000000000000000e+01 9.639669421487601086e-02 3.419049586776860217e+00 1.000000000000000021e-02 -3.459300787787933200e-03 -9.742775384368007976e-05
9.800000000000000000e+01 9.819008264462809887e-02 3.515446280991736394e+00 1.000000000000000021e-02 -3.459096706155280129e-03 -9.747121545633594814e-05
9.900000000000000000e+01 1.000000000000000056e-01 3.613636363636364646e+00 1.000000000000000021e-02 -3.458892624522627059e-03 -9.751550166211574232e-05
1.000000000000000000e+02 9.999999999999998040e-04 3.713636363636364734e+00 1.000000000000000021e-02 -3.458892624522627059e-03 -9.756053736571242791e-05
1.010000000000000000e+02 3.999999999999999216e-03 3.714636363636364624e+00 1.000000000000000021e-02 -3.074571221797890719e-03 -9.756111400681147477e-05
1.020000000000000000e+02 9.000000000000001055e-03 3.718636363636364628e+00 1.000000000000000021e-02 -2.690249819073154379e-03 -1.180398569834254798e-04
1.030000000000000000e+02 1.599999999999999686e-02 3.727636363636364525e+00 1.000000000000000021e-02 -2.305928416348418039e-03 -2.376841628921271378e-04
1.040000000000000000e+02 2.500000000000000833e-02 3.743636363636364539e+00 1.000000000000000021e-02 -1.921607013623681699e-03 -4.734548624293518347e-04
1.050000000000000000e+02 3.600000000000000422e-02 3.768636363636364450e+00 1.000000000000000021e-02 -1.537285610898945359e-03 -8.440723044550006715e-04
1.060000000000000000e+02 4.900000000000000189e-02 3.804636363636364482e+00 1.000000000000000021e-02 -1.152964208174209020e-03 -1.371867887694313594e-03
1.070000000000000000e+02 6.400000000000001521e-02 3.853636363636364415e+00 1.000000000000000021e-02 -7.686428054494726797e-04 -2.087900709491512154e-03
1.080000000000000000e+02 8.100000000000001643e-02 3.917636363636364472e+00 1.000000000000000021e-02 -3.843214027247363399e-04 -3.045703859456001458e-03
1.090000000000000000e+02 1.000000000000000056e-01 3.998636363636364432e+00 1.000000000000000021e-02 0.000000000000000000e+00 -4.364940045691085777e-03
1.100000000000000000e+02 1.000000000000000056e-01 4.098636363636364521e+00 1.000000000000000021e-02 0.000000000000000000e+00 -6.430226985484456884e-03
1.110000000000000000e+02 2.640477531762450703e-01 4.198636363636364166e+00 1.000000000000000021e-02 0.000000000000000000e+00 -6.383347725438001490e-03
1.120000000000000000e+02 5.062091628953167000e-01 4.462684116812608792e+00 1.000000000000000021e-02 0.000000000000000000e+00 -6.347882797084386346e-03
1.130000000000000000e+02 8.264842291572147559e-01 4.968893279707925714e+00 1.000000000000000021e-02 0.000000000000000000e+00 -6.423629842073282775e-03
1.140000000000000000e+02 1.224872951961939460e+00 5.795377508865140470e+00 1.000000000000000021e-02 0.000000000000000000e+00 -6.626023657747692232e-03
1.150000000000000000e+02 1.701375331309490813e+00 7.020250460827080374e+00 1.000000000000000021e-02 0.000000000000000000e+00 -6.858339379876599549e-03
1.160000000000000000e+02 2.255991367199868591e+00 8.721625792136570965e+00 1.000000000000000021e-02 0.000000000000000000e+00 -7.015924674343639728e-03
1.170000000000000000e+02 2.888721059633073018e+00 1.097761715933643956e+01 1.000000000000000021e-02 0.000000000000000000e+00 -7.063405656379587866e-03
1.180000000000000000e+02 3.599564408609104316e+00 1.386633821896951346e+01 1.000000000000000021e-02 0.000000000000000000e+00 -7.027128528551923256e-03
1.190000000000000000e+02 4.388521414127962039e+00 1.746590262757861822e+01 1.000000000000000021e-02 0.000000000000000000e+00 -6.954779684071750109e-03
1.200000000000000000e+02 5.255592076189644857e+00 2.185442404170657937e+01 1.000000000000000021e-02 0.000000000000000000e+00 -6.886658663501619461e-03
1.210000000000000000e+02 6.200776394794156765e+00 2.711001611789622245e+01 1.000000000000000021e-02 0.000000000000000000e+00 -6.846676310289991942e-03
1.220000000000000000e+02 7.224074369941492435e+00 3.331079251269037655e+01 1.000000000000000021e-02 0.000000000000000000e+00 -6.844993943687870640e-03
1.230000000000000000e+02 8.325486001631658084e+00 4.053486688263186721e+01 1.000000000000000021e-02 0.000000000000000000e+00 -6.883624993087689853e-03
1.240000000000000000e+02 9.505011289864645718e+00 4.886035288426352707e+01 1.000000000000000021e-02 0.000000000000000000e+00 -6.960694955626863141e-03
1.250000000000000000e+02 1.076265023464046422e+01 5.836536417412817457e+01 1.000000000000000021e-02 0.000000000000000000e+00 -7.072667680192801752e-03
1.260000000000000000e+02 1.209840283595910648e+01 6.912801440876863523e+01 1.000000000000000021e-02 0.000000000000000000e+00 -7.215264044907166406e-03
1.270000000000000000e+02 1.351226909382057428e+01 8.122641724472774172e+01 1.000000000000000021e-02 0.000000000000000000e+00 -7.383830268314685655e-03
1.280000000000000000e+02 1.500424900822487295e+01 9.473868633854831955e+01 1.000000000000000021e-02 0.000000000000000000e+00 -7.573558482293258481e-03
1.290000000000000000e+02 1.657434257917199005e+01 1.097429353467731943e+02 1.000000000000000021e-02 0.000000000000000000e+00 -7.779687002095506468e-03
1.300000000000000000e+02 1.822254980666194157e+01 1.263172779259451772e+02 1.000000000000000021e-02 0.000000000000000000e+00 -7.997684963804548020e-03
1.310000000000000000e+02 1.994887069069471863e+01 1.445398277326071081e+02 1.000000000000000021e-02 0.000000000000000000e+00 -8.223398316333467920e-03
1.320000000000000000e+02 2.175330523127032478e+01 1.644886984233018268e+02 1.000000000000000021e-02 0.000000000000000000e+00 -8.453143047798357054e-03
1.330000000000000000e+02 2.363585342838875647e+01 1.862420036545721587e+02 1.000000000000000021e-02 0.000000000000000000e+00 -8.683745963609016891e-03
1.340000000000000000e+02 2.559651528205000659e+01 2.098778570829609293e+02 1.000000000000000021e-02 0.000000000000000000e+00 -8.912542740924312215e-03
1.350000000000000000e+02 2.763529079225408935e+01 2.354743723650109359e+02 1.000000000000000021e-02 0.000000000000000000e+00 -9.137346382589320651e-03
1.360000000000000000e+02 2.975217995900100121e+01 2.631096631572650040e+02 1.000000000000000021e-02 0.000000000000000000e+00 -9.356398569883401031e-03
1.370000000000000000e+02 3.194718278229072794e+01 2.928618431162660158e+02 1.000000000000000021e-02 0.000000000000000000e+00 -9.568313886671874977e-03
1.380000000000000000e+02 3.422029926212329087e+01 3.248090258985567402e+02 1.000000000000000021e-02 0.000000000000000000e+00 -9.772023901578020047e-03
1.390000000000000000e+02 3.657152939849868289e+01 3.590293251606800595e+02 1.000000000000000021e-02 0.000000000000000000e+00 -9.966725412101197848e-03
1.400000000000000000e+02 3.900087319141690045e+01 3.956008545591787424e+02 1.000000000000000021e-02 0.000000000000000000e+00 -1.015183506797395427e-02
1.410000000000000000e+02 4.150833064087793645e+01 4.346017277505956145e+02 1.000000000000000021e-02 0.000000000000000000e+00 -1.032695112829850985e-02
1.420000000000000000e+02 4.409390174688180508e+01 4.761100583914735580e+02 1.000000000000000021e-02 0.000000000000000000e+00 -1.049182217632300615e-02
1.430000000000000000e+02 4.675758650942850636e+01 5.202039601383553418e+02 1.000000000000000021e-02 0.000000000000000000e+00 -1.064632208810489811e-02
1.440000000000000000e+02 4.949938492851801897e+01 5.669615466477838481e+02 1.000000000000000021e-02 0.000000000000000000e+00 -1.079043030482186409e-02
1.450000000000000000e+02 5.231929700415037132e+01 6.164609315763018458e+02 1.000000000000000021e-02 0.000000000000000000e+00 -1.092421639299873647e-02
1.460000000000000000e+02 5.521732273632554922e+01 6.687802285804522171e+02 1.000000000000000021e-02 0.000000000000000000e+00 -1.104782791939710671e-02
1.470000000000000000e+02 5.819346212504355265e+01 7.239975513167777308e+02 1.000000000000000021e-02 0.000000000000000000e+00 -1.116148076695362874e-02
1.480000000000000000e+02 6.124771517030436740e+01 7.821910134418212692e+02 1.000000000000000021e-02 0.000000000000000000e+00 -1.126545114368273683e-02
1.490000000000000000e+02 6.438008187210802191e+01 8.434387286121256011e+02 1.000000000000000021e-02 0.000000000000000000e+00 -1.136006866829749988e-02
1.500000000000000000e+02 6.759056223045450906e+01 9.078188104842336088e+02 1.000000000000000021e-02 0.000000000000000000e+00 -1.144571004528941761e-02
1.510000000000000000e+02 7.087915624534379333e+01 9.754093727146880610e+02 1.000000000000000021e-02 0.000000000000000000e+00 -1.152279296321766754e-02
1.520000000000000000e+02 7.424586391677593156e+01 1.046288528960031954e+03 1.000000000000000021e-02 0.000000000000000000e+00 -1.159176996150201519e-02
1.530000000000000000e+02 7.769068524475089532e+01 1.120534392876807942e+03 1.000000000000000021e-02 0.000000000000000000e+00 -1.165312211253203070e-02
1.540000000000000000e+02 8.121362022926868462e+01 1.198225078121558909e+03 1.000000000000000021e-02 0.000000000000000000e+00 -1.170735245686204545e-02
1.550000000000000000e+02 8.481466887032929947e+01 1.279438698350827508e+03 1.000000000000000021e-02 0.000000000000000000e+00 -1.175497920867501524e-02
1.560000000000000000e+02 8.849383116793273985e+01 1.364253367221156850e+03 1.000000000000000021e-02 0.000000000000000000e+00 -1.179652881504000828e-02
1.570000000000000000e+02 9.225110712207897734e+01 1.452747198389089590e+03 1.000000000000000021e-02 0.000000000000000000e+00 -1.183252900418475979e-02
1.580000000000000000e+02 9.608649673276808301e+01 1.544998305511168610e+03 1.000000000000000021e-02 0.000000000000000000e+00 -1.186350199375617830e-02
1.590000000000000000e+02 1.000000000000000000e+02 1.641084802243936792e+03 1.000000000000000021e-02 0.000000000000000000e+00 -1.188995804223682423e-02
