0.000000000000000000e+00 9.999999999999998040e-04 0.000000000000000000e+00 0.000000000000000000e+00 -3.468892624522627085e-03 -3.903937418171154190e-17
1.000000000000000000e+00 1.277882797731568669e-03 9.999999999999998040e-04 5.263157894736841987e-04 -3.468892624522627085e-03 -3.903937418171154190e-17
2.000000000000000000e+00 1.589792060491492919e-03 2.277882797731568473e-03 1.052631578947368397e-03 -3.468892624522627085e-03 -5.993728764188274718e-06
3.000000000000000000e+00 1.935727788279773204e-03 3.867674858223061393e-03 1.578947368421052596e-03 -3.468892624522627085e-03 -1.184783566340128924e-05
4.000000000000000000e+00 2.315689981096408223e-03 5.803402646502834814e-03 2.105263157894736795e-03 -3.468892624522627085e-03 -1.756329540887425692e-05
5.000000000000000000e+00 2.729678638941398627e-03 8.119092627599243037e-03 2.631578947368420993e-03 -3.468892624522627085e-03 -2.314083883081727164e-05
6.000000000000000000e+00 3.177693761814745065e-03 1.084877126654064210e-02 3.157894736842105192e-03 -3.468892624522627085e-03 -2.858101542790982073e-05
7.000000000000000000e+00 3.659735349716446238e-03 1.402646502835538760e-02 3.684210526315789391e-03 -3.468892624522627085e-03 -3.388426069792421563e-05
8.000000000000000000e+00 4.175803402646502578e-03 1.768620037807183340e-02 4.210526315789473589e-03 -3.468892624522627085e-03 -3.905096875501332934e-05
9.000000000000000000e+00 4.725897920604914954e-03 2.186200378071833511e-02 4.736842105263157354e-03 -3.468892624522627085e-03 -4.408156792289912485e-05
1.000000000000000000e+01 5.310018903591681196e-03 2.658790170132325006e-02 5.263157894736841987e-03 -3.468892624522627085e-03 -4.897659662786171900e-05
1.100000000000000000e+01 5.928166351606804774e-03 3.189792060491493386e-02 5.789473684210526619e-03 -3.468892624522627085e-03 -5.373677667648486019e-05
1.200000000000000000e+01 6.580340264650282218e-03 3.782608695652173864e-02 6.315789473684210384e-03 -3.468892624522627085e-03 -5.836308099381166367e-05
1.300000000000000000e+01 7.266540642722116132e-03 4.440642722117202346e-02 6.842105263157894149e-03 -3.468892624522627085e-03 -6.285679303924739884e-05
1.400000000000000000e+01 7.986767485822306514e-03 5.167296786389413699e-02 7.368421052631578781e-03 -3.468892624522627085e-03 -6.721955549382945059e-05
1.500000000000000000e+01 8.741020793950851631e-03 5.965973534971644177e-02 7.894736842105263414e-03 -3.468892624522627085e-03 -7.145340632037431423e-05
1.600000000000000000e+01 9.529300567107750614e-03 6.840075614366729340e-02 8.421052631578947179e-03 -3.468892624522627085e-03 -7.556080086629289420e-05
1.700000000000000000e+01 1.035160680529300693e-02 7.793005671077504748e-02 8.947368421052630943e-03 -3.468892624522627085e-03 -7.954461940249031322e-05
1.800000000000000000e+01 1.120793950850661538e-02 8.828166351606805962e-02 9.473684210526314708e-03 -3.468892624522627085e-03 -8.340816005416225060e-05
1.900000000000000000e+01 1.209829867674858291e-02 9.948960302457467153e-02 1.000000000000000021e-02 -3.468892624522627085e-03 -8.715511774800103475e-05
2.000000000000000000e+01 1.302268431001890082e-02 1.115879017013232527e-01 1.000000000000000021e-02 -3.468892624522627085e-03 -9.078955027433674517e-05
2.100000000000000000e+01 1.398109640831757955e-02 1.246105860113421587e-01 1.000000000000000021e-02 -3.468688542889974014e-03 -9.044490120848777627e-05
2.200000000000000000e+01 1.497353497164461214e-02 1.385916824196597452e-01 1.000000000000000021e-02 -3.468484461257320944e-03 -9.006442864049528732e-05
2.300000000000000000e+01 1.599999999999999686e-02 1.535652173913043539e-01 1.000000000000000021e-02 -3.468280379624667873e-03 -8.972391153960256949e-05
2.400000000000000000e+01 1.706049149338374066e-02 1.695652173913043403e-01 1.000000000000000021e-02 -3.468076297992014802e-03 -8.942488663355969232e-05
2.500000000000000000e+01 1.815500945179584352e-02 1.866257088846880741e-01 1.000000000000000021e-02 -3.467872216359361732e-03 -8.916817738495456849e-05
2.600000000000000000e+01 1.928355387523629852e-02 2.047807183364839245e-01 1.000000000000000021e-02 -3.467668134726708661e-03 -8.895392711816030610e-05
2.700000000000000000e+01 2.044612476370510912e-02 2.240642722117202335e-01 1.000000000000000021e-02 -3.467464053094055591e-03 -8.878164450716348867e-05
2.800000000000000000e+01 2.164272211720227532e-02 2.445103969754253426e-01 1.000000000000000021e-02 -3.467259971461402520e-03 -8.865025950229764784e-05
2.900000000000000000e+01 2.287334593572778671e-02 2.661531190926276214e-01 1.000000000000000021e-02 -3.467055889828749449e-03 -8.855818793687315091e-05
3.000000000000000000e+01 2.413799621928166411e-02 2.890264650283553838e-01 1.000000000000000021e-02 -3.466851808196096379e-03 -8.850340320925647274e-05
3.100000000000000000e+01 2.543667296786388671e-02 3.131644612476370271e-01 1.000000000000000021e-02 -3.466647726563443308e-03 -8.848351329620434151e-05
3.200000000000000000e+01 2.676937618147447531e-02 3.386011342155009207e-01 1.000000000000000021e-02 -3.466443644930790238e-03 -8.849584121645247931e-05
3.300000000000000000e+01 2.813610586011341605e-02 3.653705103969753787e-01 1.000000000000000021e-02 -3.466239563298137167e-03 -8.853750680242425560e-05
3.400000000000000000e+01 2.953686200378071586e-02 3.935066162570887704e-01 1.000000000000000021e-02 -3.466035481665484096e-03 -8.860550746011841030e-05
3.500000000000000000e+01 3.097164461247637127e-02 4.230434782608694655e-01 1.000000000000000021e-02 -3.465831400032831026e-03 -8.869679549917206115e-05
3.600000000000000000e+01 3.244045368620038228e-02 4.540151228733458333e-01 1.000000000000000021e-02 -3.465627318400177955e-03 -8.880834967042309017e-05
3.700000000000000000e+01 3.394328922495274542e-02 4.864555765595461878e-01 1.000000000000000021e-02 -3.465423236767524885e-03 -8.893723881208812543e-05
3.800000000000000000e+01 3.548015122873346416e-02 5.203988657844988985e-01 1.000000000000000021e-02 -3.465219155134871814e-03 -8.908067586442099616e-05
3.900000000000000000e+01 3.705103969754253851e-02 5.558790170132323905e-01 1.000000000000000021e-02 -3.465015073502218743e-03 -8.923606104321523910e-05
4.000000000000000000e+01 3.865595463137994764e-02 5.929300567107749220e-01 1.000000000000000021e-02 -3.464810991869565673e-03 -8.940101355431192230e-05
4.100000000000000000e+01 4.029489603024573319e-02 6.315860113421548627e-01 1.000000000000000021e-02 -3.464606910236912602e-03 -8.957339181662601012e-05
4.200000000000000000e+01 4.196786389413988128e-02 6.718809073724005820e-01 1.000000000000000021e-02 -3.464402828604259531e-03 -8.975130272919066199e-05
4.300000000000000000e+01 4.367485822306237803e-02 7.138487712665404494e-01 1.000000000000000021e-02 -3.464198746971606461e-03 -8.993310099620637388e-05
4.400000000000000000e+01 4.541587901701323038e-02 7.575236294896028344e-01 1.000000000000000021e-02 -3.463994665338953390e-03 -9.011737990645060908e-05
4.500000000000000000e+01 4.719092627599243833e-02 8.029395085066161064e-01 1.000000000000000021e-02 -3.463790583706300753e-03 -9.030295517169009147e-05
4.600000000000000000e+01 4.900000000000000189e-02 8.501304347826085239e-01 1.000000000000000021e-02 -3.463586502073647683e-03 -9.048884359244277269e-05
4.700000000000000000e+01 5.084310018903592104e-02 8.991304347826085674e-01 1.000000000000000021e-02 -3.463382420440994612e-03 -9.067423827184725954e-05
4.800000000000000000e+01 5.272022684310019580e-02 9.499735349716444954e-01 1.000000000000000021e-02 -3.463178338808341541e-03 -9.085848205537852790e-05
4.900000000000000000e+01 5.463137996219282616e-02 1.002693761814744677e+00 1.000000000000000021e-02 -3.462974257175688471e-03 -9.104104063957365407e-05
5.000000000000000000e+01 5.657655954631381212e-02 1.057325141776937594e+00 1.000000000000000021e-02 -3.462770175543035400e-03 -9.122147661498284526e-05
5.100000000000000000e+01 5.855576559546312593e-02 1.113901701323251503e+00 1.000000000000000021e-02 -3.462566093910382330e-03 -9.139942544613824979e-05
5.200000000000000000e+01 6.056899810964082309e-02 1.172457466918714664e+00 1.000000000000000021e-02 -3.462362012277729259e-03 -9.157457409123355072e-05
5.300000000000000000e+01 6.261625708884686892e-02 1.233026465028355556e+00 1.000000000000000021e-02 -3.462157930645076188e-03 -9.174664277509957035e-05
5.400000000000000000e+01 6.469754253308128422e-02 1.295642722117202439e+00 1.000000000000000021e-02 -3.461953849012423118e-03 -9.191537013500762144e-05
5.500000000000000000e+01 6.681285444234404125e-02 1.360340264650283792e+00 1.000000000000000021e-02 -3.461749767379770047e-03 -9.208050179802600935e-05
5.600000000000000000e+01 6.896219281663515388e-02 1.427153119092627875e+00 1.000000000000000021e-02 -3.461545685747116977e-03 -9.224178226089077505e-05
5.700000000000000000e+01 7.114555765595463599e-02 1.496115311909262946e+00 1.000000000000000021e-02 -3.461341604114463906e-03 -9.239894983236929715e-05
5.800000000000000000e+01 7.336294896030245982e-02 1.567260869565217485e+00 1.000000000000000021e-02 -3.461137522481810835e-03 -9.255173429032151496e-05
5.900000000000000000e+01 7.561436672967863926e-02 1.640623818525519972e+00 1.000000000000000021e-02 -3.460933440849157765e-03 -9.269985686493878625e-05
6.000000000000000000e+01 7.789981096408318817e-02 1.716238185255198667e+00 1.000000000000000021e-02 -3.460729359216504694e-03 -9.284303210656930745e-05
6.100000000000000000e+01 8.021928166351605105e-02 1.794137996219281828e+00 1.000000000000000021e-02 -3.460525277583851624e-03 -9.298097122892654129e-05
6.200000000000000000e+01 8.257277882797729729e-02 1.874357277882797934e+00 1.000000000000000021e-02 -3.460321195951198553e-03 -9.311338650610271825e-05
6.300000000000000000e+01 8.496030245746689913e-02 1.956930056710775245e+00 1.000000000000000021e-02 -3.460117114318545482e-03 -9.323999633115426374e-05
6.400000000000000000e+01 8.738185255198487045e-02 2.041890359168242242e+00 1.000000000000000021e-02 -3.459913032685892412e-03 -9.336053062824666504e-05
6.500000000000000000e+01 8.983742911153118349e-02 2.129272211720226959e+00 1.000000000000000021e-02 -3.459708951053239341e-03 -9.347473628122220926e-05
6.600000000000000000e+01 9.232703213610585213e-02 2.219109640831758323e+00 1.000000000000000021e-02 -3.459504869420586270e-03 -9.358238237184834929e-05
6.700000000000000000e+01 9.485066162570887638e-02 2.311436672967864148e+00 1.000000000000000021e-02 -3.459300787787933200e-03 -9.368326500732918191e-05
6.800000000000000000e+01 9.740831758034027010e-02 2.406287334593573135e+00 1.000000000000000021e-02 -3.459096706155280129e-03 -9.377721159842767001e-05
6.900000000000000000e+01 1.000000000000000056e-01 2.503695652173913544e+00 1.000000000000000021e-02 -3.458892624522627059e-03 -9.386408447383589324e-05
7.000000000000000000e+01 9.999999999999998040e-04 2.603695652173913633e+00 1.000000000000000021e-02 -3.458892624522627059e-03 -9.394378376276138877e-05
7.100000000000000000e+01 2.171745152354570899e-03 2.604695652173913523e+00 1.000000000000000021e-02 -3.276845644284594010e-03 -9.394531062548680826e-05
7.200000000000000000e+01 3.792243767313019376e-03 2.606867397326268154e+00 1.000000000000000021e-02 -3.094798664046560961e-03 -2.140495053119770793e-05
7.300000000000000000e+01 5.861495844875345453e-03 2.610659641093580952e+00 1.000000000000000021e-02 -2.912751683808527912e-03 6.248872047593489576e-05
7.400000000000000000e+01 8.379501385041551731e-03 2.616521136938456227e+00 1.000000000000000021e-02 -2.730704703570494864e-03 1.531340466689311720e-04
7.500000000000000000e+01 1.134626038781163561e-02 2.624900638323497848e+00 1.000000000000000021e-02 -2.548657723332461815e-03 2.451641999308436085e-04
7.600000000000000000e+01 1.476177285318559448e-02 2.636246898711309683e+00 1.000000000000000021e-02 -2.366610743094429200e-03 3.332954330228799769e-04
7.700000000000000000e+01 1.862603878116343703e-02 2.651008671564495156e+00 1.000000000000000021e-02 -2.184563762856396151e-03 4.132658679339319815e-04
7.800000000000000000e+01 2.293905817174515804e-02 2.669634710345658579e+00 1.000000000000000021e-02 -2.002516782618363102e-03 4.826555482022883798e-04
7.900000000000000000e+01 2.770083102493075405e-02 2.692573768517403821e+00 1.000000000000000021e-02 -1.820469802380330054e-03 5.413983791448177645e-04
8.000000000000000000e+01 3.291135734072023200e-02 2.720274599542334748e+00 1.000000000000000021e-02 -1.638422822142297005e-03 5.918882523304412049e-04
8.100000000000000000e+01 3.857063711911358495e-02 2.753185956883054786e+00 1.000000000000000021e-02 -1.456375841904263956e-03 6.387026419087391601e-04
8.200000000000000000e+01 4.467867036011079207e-02 2.791756594002168246e+00 1.000000000000000021e-02 -1.274328861666231341e-03 6.880636559790408776e-04
8.300000000000000000e+01 5.123545706371190195e-02 2.836435264362278996e+00 1.000000000000000021e-02 -1.092281881428198292e-03 7.471993773939973865e-04
8.400000000000000000e+01 5.824099722991689376e-02 2.887670721425990905e+00 1.000000000000000021e-02 -9.102349011901652437e-04 8.237640271702090580e-04
8.500000000000000000e+01 6.569529085872576057e-02 2.945911718655907841e+00 1.000000000000000021e-02 -7.281879209521321950e-04 9.254496581090516927e-04
8.600000000000000000e+01 7.359833795013849544e-02 3.011607009514633670e+00 1.000000000000000021e-02 -5.461409407140991462e-04 1.059895431096352560e-03
8.700000000000000000e+01 8.195013850415512613e-02 3.085205347464772263e+00 1.000000000000000021e-02 -3.640939604760660975e-04 1.234982144816169176e-03
8.800000000000000000e+01 9.075069252077562487e-02 3.167155485968927486e+00 1.000000000000000021e-02 -1.820469802380330487e-04 1.459597687234730256e-03
8.900000000000000000e+01 1.000000000000000056e-01 3.257906178489703208e+00 1.000000000000000021e-02 0.000000000000000000e+00 1.744992034842962831e-03
9.000000000000000000e+01 1.000000000000000056e-01 3.357906178489703297e+00 1.000000000000000021e-02 0.000000000000000000e+00 2.106940710004165558e-03
9.100000000000000000e+01 9.122865472719698943e-01 3.457906178489703386e+00 1.000000000000000021e-02 0.000000000000000000e+00 1.959794802749629736e-03
9.200000000000000000e+01 2.540982923781757830e+00 4.370192725761673280e+00 1.000000000000000021e-02 0.000000000000000000e+00 1.870927357724407698e-03
9.300000000000000000e+01 4.986089129529362118e+00 6.911175649543430666e+00 1.000000000000000021e-02 0.000000000000000000e+00 1.932660287492838670e-03
9.400000000000000000e+01 8.247605164514785869e+00 1.189726477907279190e+01 1.000000000000000021e-02 0.000000000000000000e+00 1.768806903438670600e-03
9.500000000000000000e+01 1.232553102873802686e+01 2.014486994358757954e+01 1.000000000000000021e-02 0.000000000000000000e+00 1.500630950145540130e-03
9.600000000000000000e+01 1.721986672219908243e+01 3.247040097232560640e+01 1.000000000000000021e-02 0.000000000000000000e+00 1.290862001105523701e-03
9.700000000000000000e+01 2.293061224489796146e+01 4.969026769452469239e+01 1.000000000000000021e-02 0.000000000000000000e+00 1.141388903143637692e-03
9.800000000000000000e+01 2.945776759683464974e+01 7.262087993942265030e+01 1.000000000000000021e-02 0.000000000000000000e+00 1.018151233013065999e-03
9.900000000000000000e+01 3.680133277800915437e+01 1.020786475362573071e+02 1.000000000000000021e-02 0.000000000000000000e+00 9.068874570837937672e-04
1.000000000000000000e+02 4.496130778842149311e+01 1.388799803142664473e+02 1.000000000000000021e-02 0.000000000000000000e+00 8.065851352565252350e-04
1.010000000000000000e+02 5.393769262807163045e+01 1.838412881026879404e+02 1.000000000000000021e-02 0.000000000000000000e+00 7.183559877895777292e-04
1.020000000000000000e+02 6.373048729695958770e+01 2.377789807307595709e+02 1.000000000000000021e-02 0.000000000000000000e+00 6.418092206052013367e-04
1.030000000000000000e+02 7.433969179508534353e+01 3.015094680277191515e+02 1.000000000000000021e-02 0.000000000000000000e+00 5.752966895105152958e-04
1.040000000000000000e+02 8.576530612244897611e+01 3.758491598228044950e+02 1.000000000000000021e-02 0.000000000000000000e+00 5.168374354507286692e-04
1.050000000000000000e+02 9.800733027905037886e+01 4.616144659452534711e+02 1.000000000000000021e-02 0.000000000000000000e+00 4.647238007063476365e-04
1.060000000000000000e+02 1.110657642648896086e+02 5.596217962243038073e+02 1.000000000000000021e-02 0.000000000000000000e+00 4.177434722824275096e-04
1.070000000000000000e+02 1.249406080799666370e+02 6.706875604891934017e+02 1.000000000000000021e-02 0.000000000000000000e+00 3.751440287505581391e-04
1.080000000000000000e+02 1.396318617242814923e+02 7.956281685691600387e+02 1.000000000000000021e-02 0.000000000000000000e+00 3.364774266194668693e-04
1.090000000000000000e+02 1.551395251978342174e+02 9.352600302934415595e+02 1.000000000000000021e-02 0.000000000000000000e+00 3.014844916261740448e-04
1.100000000000000000e+02 1.714635985006247267e+02 1.090399555491275805e+03 1.000000000000000021e-02 0.000000000000000000e+00 2.699943293388460883e-04
1.110000000000000000e+02 1.886040816326530205e+02 1.261863153991900617e+03 1.000000000000000021e-02 0.000000000000000000e+00 2.418565939232429260e-04
1.120000000000000000e+02 2.065609745939191555e+02 1.450467235624553723e+03 1.000000000000000021e-02 0.000000000000000000e+00 2.169085987945782432e-04
1.130000000000000000e+02 2.253342773844231033e+02 1.657028210218472850e+03 1.000000000000000021e-02 0.000000000000000000e+00 1.949640179123207683e-04
1.140000000000000000e+02 2.449239900041648639e+02 1.882362487602895953e+03 1.000000000000000021e-02 0.000000000000000000e+00 1.758142468423092822e-04
1.150000000000000000e+02 2.653301124531445225e+02 2.127286477607060988e+03 1.000000000000000021e-02 0.000000000000000000e+00 1.592355225588517156e-04
1.160000000000000000e+02 2.865526447313618519e+02 2.392616590060205453e+03 1.000000000000000021e-02 0.000000000000000000e+00 1.449973570522160077e-04
1.170000000000000000e+02 3.085915868388171361e+02 2.679169234791567305e+03 1.000000000000000021e-02 0.000000000000000000e+00 1.328699207673855189e-04
1.180000000000000000e+02 3.314469387755102048e+02 2.987760821630384271e+03 1.000000000000000021e-02 0.000000000000000000e+00 1.226294898066363794e-04
1.190000000000000000e+02 3.551187005414410578e+02 3.319207760405894533e+03 1.000000000000000021e-02 0.000000000000000000e+00 1.140619638950339981e-04
1.200000000000000000e+02 3.796068721366096952e+02 3.674326460947335363e+03 1.000000000000000021e-02 0.000000000000000000e+00 1.069648889613242584e-04
1.210000000000000000e+02 4.049114535610161738e+02 4.053933333083944945e+03 1.000000000000000021e-02 0.000000000000000000e+00 1.011485266429212632e-04
1.220000000000000000e+02 4.310324448146604936e+02 4.458844786644961459e+03 1.000000000000000021e-02 0.000000000000000000e+00 9.643643764000031236e-05
1.230000000000000000e+02 4.579698458975425979e+02 4.889877231459621726e+03 1.000000000000000021e-02 0.000000000000000000e+00 9.266588905662436241e-05
1.240000000000000000e+02 4.857236568096625433e+02 5.347847077357164380e+03 1.000000000000000021e-02 0.000000000000000000e+00 8.968823095085526808e-05
1.250000000000000000e+02 5.142938775510202731e+02 5.833570734166826696e+03 1.000000000000000021e-02 0.000000000000000000e+00 8.736926151893679223e-05
1.260000000000000000e+02 5.436805081216158442e+02 6.347864611717846856e+03 1.000000000000000021e-02 0.000000000000000000e+00 8.558945558701465720e-05
1.270000000000000000e+02 5.738835485214492564e+02 6.891545119839463041e+03 1.000000000000000021e-02 0.000000000000000000e+00 8.424410458682604500e-05
1.280000000000000000e+02 6.049029987505206236e+02 7.465428668360912525e+03 1.000000000000000021e-02 0.000000000000000000e+00 8.324304635199453780e-05
1.290000000000000000e+02 6.367388588088296046e+02 8.070331667111433489e+03 1.000000000000000021e-02 0.000000000000000000e+00 8.251013618680416489e-05
1.300000000000000000e+02 6.693911286963764269e+02 8.707070525920262298e+03 1.000000000000000021e-02 0.000000000000000000e+00 8.198235947206977518e-05
1.310000000000000000e+02 7.028598084131610904e+02 9.376461654616638043e+03 1.000000000000000021e-02 0.000000000000000000e+00 8.160865484808353676e-05
1.320000000000000000e+02 7.371448979591835950e+02 1.007932146302979891e+04 1.000000000000000021e-02 0.000000000000000000e+00 8.134852957362454374e-05
1.330000000000000000e+02 7.722463973344438273e+02 1.081646636098898307e+04 1.000000000000000021e-02 0.000000000000000000e+00 8.117056569560878864e-05
1.340000000000000000e+02 8.081643065389420144e+02 1.158871275832342690e+04 1.000000000000000021e-02 0.000000000000000000e+00 8.105091536848091566e-05
1.350000000000000000e+02 8.448986255726779291e+02 1.239687706486236857e+04 1.000000000000000021e-02 0.000000000000000000e+00 8.097186917724048371e-05
1.360000000000000000e+02 8.824493544356515713e+02 1.324177569043504627e+04 1.000000000000000021e-02 0.000000000000000000e+00 8.092055981999155619e-05
1.370000000000000000e+02 9.208164931278631684e+02 1.412422504487069818e+04 1.000000000000000021e-02 0.000000000000000000e+00 8.088783833654375293e-05
1.380000000000000000e+02 9.600000416493124931e+02 1.504504153799856067e+04 1.000000000000000021e-02 0.000000000000000000e+00 8.086733759161344711e-05
1.390000000000000000e+02 1.000000000000000000e+03 1.600504157964787373e+04 1.000000000000000021e-02 0.000000000000000000e+00 8.085471959681749920e-05
