0.000000000000000000e+00 9.999999999999998040e-04 0.000000000000000000e+00 0.000000000000000000e+00 -3.468892624522627085e-03 -3.903937418171154190e-17
1.000000000000000000e+00 1.277882797731568669e-03 9.999999999999998040e-04 5.263157894736841987e-03 -3.468892624522627085e-03 -3.903937418171154190e-17
2.000000000000000000e+00 1.589792060491492919e-03 2.277882797731568473e-03 1.052631578947368397e-02 -3.468892624522627085e-03 -5.426425070699887669e-05
3.000000000000000000e+00 1.935727788279773204e-03 3.867674858223061393e-03 1.578947368421052683e-02 -3.468892624522627085e-03 -9.748809170416597491e-05
4.000000000000000000e+00 2.315689981096408223e-03 5.803402646502834814e-03 2.105263157894736795e-02 -3.468892624522627085e-03 -1.317814509168299480e-04
5.000000000000000000e+00 2.729678638941398627e-03 8.119092627599243037e-03 2.631578947368420907e-02 -3.468892624522627085e-03 -1.587788088590333987e-04
6.000000000000000000e+00 3.177693761814745065e-03 1.084877126654064210e-02 3.157894736842105365e-02 -3.468892624522627085e-03 -1.797610857137469070e-04
7.000000000000000000e+00 3.659735349716446238e-03 1.402646502835538760e-02 3.684210526315789130e-02 -3.468892624522627085e-03 -1.957423873223451737e-04
8.000000000000000000e+00 4.175803402646502578e-03 1.768620037807183340e-02 4.210526315789473589e-02 -3.468892624522627085e-03 -2.075330008495346150e-04
9.000000000000000000e+00 4.725897920604914954e-03 2.186200378071833511e-02 4.736842105263158048e-02 -3.468892624522627085e-03 -2.157859555454399688e-04
1.000000000000000000e+01 5.310018903591681196e-03 2.658790170132325006e-02 5.263157894736841813e-02 -3.468892624522627085e-03 -2.210319705312177075e-04
1.100000000000000000e+01 5.928166351606804774e-03 3.189792060491493386e-02 5.789473684210526272e-02 -3.468892624522627085e-03 -2.237060388129792816e-04
1.200000000000000000e+01 6.580340264650282218e-03 3.782608695652173864e-02 6.315789473684210731e-02 -3.468892624522627085e-03 -2.241678793007076821e-04
1.300000000000000000e+01 7.266540642722116132e-03 4.440642722117202346e-02 6.842105263157895190e-02 -3.468892624522627085e-03 -2.227178164345028106e-04
1.400000000000000000e+01 7.986767485822306514e-03 5.167296786389413699e-02 7.368421052631578261e-02 -3.468892624522627085e-03 -2.196091949760462176e-04
1.500000000000000000e+01 8.741020793950851631e-03 5.965973534971644177e-02 7.894736842105262720e-02 -3.468892624522627085e-03 -2.150581291207608904e-04
1.600000000000000000e+01 9.529300567107750614e-03 6.840075614366729340e-02 8.421052631578947179e-02 -3.468892624522627085e-03 -2.092511721513405523e-04
1.700000000000000000e+01 1.035160680529300693e-02 7.793005671077504748e-02 8.947368421052631637e-02 -3.468892624522627085e-03 -2.023513440563335004e-04
1.800000000000000000e+01 1.120793950850661538e-02 8.828166351606805962e-02 9.473684210526316096e-02 -3.468892624522627085e-03 -1.945028495444757716e-04
1.900000000000000000e+01 1.209829867674858291e-02 9.948960302457467153e-02 1.000000000000000056e-01 -3.468892624522627085e-03 -1.858347437914555198e-04
2.000000000000000000e+01 1.302268431001890082e-02 1.115879017013232527e-01 1.000000000000000056e-01 -3.468892624522627085e-03 -1.764637489123816751e-04
2.100000000000000000e+01 1.398109640831757955e-02 1.246105860113421587e-01 1.000000000000000056e-01 -3.466851808196096379e-03 -1.732247631694114895e-04
2.200000000000000000e+01 1.497353497164461214e-02 1.385916824196597452e-01 1.000000000000000056e-01 -3.464810991869565673e-03 -1.700425895381209264e-04
2.300000000000000000e+01 1.599999999999999686e-02 1.535652173913043539e-01 1.000000000000000056e-01 -3.462770175543035400e-03 -1.672501265684574830e-04
2.400000000000000000e+01 1.706049149338374066e-02 1.695652173913043403e-01 1.000000000000000056e-01 -3.460729359216504694e-03 -1.648607766713633893e-04
2.500000000000000000e+01 1.815500945179584352e-02 1.866257088846880741e-01 1.000000000000000056e-01 -3.458688542889973988e-03 -1.628808152507158250e-04
2.600000000000000000e+01 1.928355387523629852e-02 2.047807183364839245e-01 1.000000000000000056e-01 -3.456647726563443282e-03 -1.613097569078027617e-04
2.700000000000000000e+01 2.044612476370510912e-02 2.240642722117202335e-01 1.000000000000000056e-01 -3.454606910236913010e-03 -1.601408488583809606e-04
2.800000000000000000e+01 2.164272211720227532e-02 2.445103969754253426e-01 1.000000000000000056e-01 -3.452566093910382303e-03 -1.593616700722631189e-04
2.900000000000000000e+01 2.287334593572778671e-02 2.661531190926276214e-01 1.000000000000000056e-01 -3.450525277583851597e-03 -1.589548167834622591e-04
3.000000000000000000e+01 2.413799621928166411e-02 2.890264650283553838e-01 1.000000000000000056e-01 -3.448484461257320891e-03 -1.588986557899198270e-04
3.100000000000000000e+01 2.543667296786388671e-02 3.131644612476370271e-01 1.000000000000000056e-01 -3.446443644930790185e-03 -1.591681262980293313e-04
3.200000000000000000e+01 2.676937618147447531e-02 3.386011342155009207e-01 1.000000000000000056e-01 -3.444402828604259913e-03 -1.597355696539434159e-04
3.300000000000000000e+01 2.813610586011341605e-02 3.653705103969753787e-01 1.000000000000000056e-01 -3.442362012277729207e-03 -1.605715642331266427e-04
3.400000000000000000e+01 2.953686200378071586e-02 3.935066162570887704e-01 1.000000000000000056e-01 -3.440321195951198500e-03 -1.616457414907687164e-04
3.500000000000000000e+01 3.097164461247637127e-02 4.230434782608694655e-01 1.000000000000000056e-01 -3.438280379624667794e-03 -1.629275587050461969e-04
3.600000000000000000e+01 3.244045368620038228e-02 4.540151228733458333e-01 1.000000000000000056e-01 -3.436239563298137522e-03 -1.643870050903119306e-04
3.700000000000000000e+01 3.394328922495274542e-02 4.864555765595461878e-01 1.000000000000000056e-01 -3.434198746971606816e-03 -1.659952208347762728e-04
3.800000000000000000e+01 3.548015122873346416e-02 5.203988657844988985e-01 1.000000000000000056e-01 -3.432157930645076110e-03 -1.677250127980250884e-04
3.900000000000000000e+01 3.705103969754253851e-02 5.558790170132323905e-01 1.000000000000000056e-01 -3.430117114318545404e-03 -1.695512561090320837e-04
4.000000000000000000e+01 3.865595463137994764e-02 5.929300567107749220e-01 1.000000000000000056e-01 -3.428076297992015131e-03 -1.714511769958610105e-04
4.100000000000000000e+01 4.029489603024573319e-02 6.315860113421548627e-01 1.000000000000000056e-01 -3.426035481665484425e-03 -1.734045181171881998e-04
4.200000000000000000e+01 4.196786389413988128e-02 6.718809073724005820e-01 1.000000000000000056e-01 -3.423994665338953719e-03 -1.753935934548236735e-04
4.300000000000000000e+01 4.367485822306237803e-02 7.138487712665404494e-01 1.000000000000000056e-01 -3.421953849012423013e-03 -1.774032444354516384e-04
4.400000000000000000e+01 4.541587901701323038e-02 7.575236294896028344e-01 1.000000000000000056e-01 -3.419913032685892307e-03 -1.794207124766487643e-04
4.500000000000000000e+01 4.719092627599243833e-02 8.029395085066161064e-01 1.000000000000000056e-01 -3.417872216359362034e-03 -1.814354454158662727e-04
4.600000000000000000e+01 4.900000000000000189e-02 8.501304347826085239e-01 1.000000000000000056e-01 -3.415831400032831328e-03 -1.834388561649716158e-04
4.700000000000000000e+01 5.084310018903592104e-02 8.991304347826085674e-01 1.000000000000000056e-01 -3.413790583706300622e-03 -1.854240516381392182e-04
4.800000000000000000e+01 5.272022684310019580e-02 9.499735349716444954e-01 1.000000000000000056e-01 -3.411749767379769916e-03 -1.873855487792859390e-04
4.900000000000000000e+01 5.463137996219282616e-02 1.002693761814744677e+00 1.000000000000000056e-01 -3.409708951053239644e-03 -1.893189924692947142e-04
5.000000000000000000e+01 5.657655954631381212e-02 1.057325141776937594e+00 1.000000000000000056e-01 -3.407668134726708938e-03 -1.912208876615602521e-04
5.100000000000000000e+01 5.855576559546312593e-02 1.113901701323251503e+00 1.000000000000000056e-01 -3.405627318400178231e-03 -1.930883552684104529e-04
5.200000000000000000e+01 6.056899810964082309e-02 1.172457466918714664e+00 1.000000000000000056e-01 -3.403586502073647525e-03 -1.949189186610495274e-04
5.300000000000000000e+01 6.261625708884686892e-02 1.233026465028355556e+00 1.000000000000000056e-01 -3.401545685747116819e-03 -1.967103248826790329e-04
5.400000000000000000e+01 6.469754253308128422e-02 1.295642722117202439e+00 1.000000000000000056e-01 -3.399504869420586547e-03 -1.984604024678842901e-04
5.500000000000000000e+01 6.681285444234404125e-02 1.360340264650283792e+00 1.000000000000000056e-01 -3.397464053094055841e-03 -2.001669555636964690e-04
5.600000000000000000e+01 6.896219281663515388e-02 1.427153119092627875e+00 1.000000000000000056e-01 -3.395423236767525135e-03 -2.018276925746841977e-04
5.700000000000000000e+01 7.114555765595463599e-02 1.496115311909262946e+00 1.000000000000000056e-01 -3.393382420440994428e-03 -2.034401862420315255e-04
5.800000000000000000e+01 7.336294896030245982e-02 1.567260869565217485e+00 1.000000000000000056e-01 -3.391341604114464156e-03 -2.050018612765540480e-04
5.900000000000000000e+01 7.561436672967863926e-02 1.640623818525519972e+00 1.000000000000000056e-01 -3.389300787787933450e-03 -2.065100051079086976e-04
6.000000000000000000e+01 7.789981096408318817e-02 1.716238185255198667e+00 1.000000000000000056e-01 -3.387259971461402744e-03 -2.079617972084823573e-04
6.100000000000000000e+01 8.021928166351605105e-02 1.794137996219281828e+00 1.000000000000000056e-01 -3.385219155134872038e-03 -2.093543524531304035e-04
6.200000000000000000e+01 8.257277882797729729e-02 1.874357277882797934e+00 1.000000000000000056e-01 -3.383178338808341332e-03 -2.106847741891796873e-04
6.300000000000000000e+01 8.496030245746689913e-02 1.956930056710775245e+00 1.000000000000000056e-01 -3.381137522481811059e-03 -2.119502131274054286e-04
6.400000000000000000e+01 8.738185255198487045e-02 2.041890359168242242e+00 1.000000000000000056e-01 -3.379096706155280353e-03 -2.131479286196725966e-04
6.500000000000000000e+01 8.983742911153118349e-02 2.129272211720226959e+00 1.000000000000000056e-01 -3.377055889828749647e-03 -2.142753493182640025e-04
6.600000000000000000e+01 9.232703213610585213e-02 2.219109640831758323e+00 1.000000000000000056e-01 -3.375015073502218941e-03 -2.153301308494008539e-04
6.700000000000000000e+01 9.485066162570887638e-02 2.311436672967864148e+00 1.000000000000000056e-01 -3.372974257175688668e-03 -2.163102085530107382e-04
6.800000000000000000e+01 9.740831758034027010e-02 2.406287334593573135e+00 1.000000000000000056e-01 -3.370933440849157962e-03 -2.172138438474143169e-04
6.900000000000000000e+01 1.000000000000000056e-01 2.503695652173913544e+00 1.000000000000000056e-01 -3.368892624522627256e-03 -2.180396632152662112e-04
7.000000000000000000e+01 9.999999999999998040e-04 2.603695652173913633e+00 1.000000000000000056e-01 -3.368892624522627256e-03 -2.187866891997116260e-04
7.100000000000000000e+01 2.171745152354570899e-03 2.604695652173913523e+00 1.000000000000000056e-01 -3.191582486389857309e-03 -2.187981389339332613e-04
7.200000000000000000e+01 3.792243767313019376e-03 2.606867397326268154e+00 1.000000000000000056e-01 -3.014272348257087362e-03 -1.772678049900751362e-04
7.300000000000000000e+01 5.861495844875345453e-03 2.610659641093580952e+00 1.000000000000000056e-01 -2.836962210124317416e-03 -1.251027373912950069e-04
7.400000000000000000e+01 8.379501385041551731e-03 2.616521136938456227e+00 1.000000000000000056e-01 -2.659652071991547902e-03 -6.645748938025964128e-05
7.500000000000000000e+01 1.134626038781163561e-02 2.624900638323497848e+00 1.000000000000000056e-01 -2.482341933858777955e-03 -6.155136559040058626e-06
7.600000000000000000e+01 1.476177285318559448e-02 2.636246898711309683e+00 1.000000000000000056e-01 -2.305031795726008009e-03 5.108455634161145905e-05
7.700000000000000000e+01 1.862603878116343703e-02 2.651008671564495156e+00 1.000000000000000056e-01 -2.127721657593238495e-03 1.014877060097879575e-04
7.800000000000000000e+01 2.293905817174515804e-02 2.669634710345658579e+00 1.000000000000000056e-01 -1.950411519460468332e-03 1.429448115772987923e-04
7.900000000000000000e+01 2.770083102493075405e-02 2.692573768517403821e+00 1.000000000000000056e-01 -1.773101381327698385e-03 1.754314738798718474e-04
8.000000000000000000e+01 3.291135734072023200e-02 2.720274599542334748e+00 1.000000000000000056e-01 -1.595791243194928655e-03 2.010443791747592939e-04
8.100000000000000000e+01 3.857063711911358495e-02 2.753185956883054786e+00 1.000000000000000056e-01 -1.418481105062158708e-03 2.236776622785598806e-04
8.200000000000000000e+01 4.467867036011079207e-02 2.791756594002168246e+00 1.000000000000000056e-01 -1.241170966929388761e-03 2.484521129898938888e-04
8.300000000000000000e+01 5.123545706371190195e-02 2.836435264362278996e+00 1.000000000000000056e-01 -1.063860828796618814e-03 2.810448410393665561e-04
8.400000000000000000e+01 5.824099722991689376e-02 2.887670721425990905e+00 1.000000000000000056e-01 -8.865506906638493008e-04 3.270559965834965855e-04
8.500000000000000000e+01 6.569529085872576057e-02 2.945911718655907841e+00 1.000000000000000056e-01 -7.092405525310793539e-04 3.915155880090261217e-04
8.600000000000000000e+01 7.359833795013849544e-02 3.011607009514633670e+00 1.000000000000000056e-01 -5.319304143983094070e-04 4.785962167897647658e-04
8.700000000000000000e+01 8.195013850415512613e-02 3.085205347464772263e+00 1.000000000000000056e-01 -3.546202762655394601e-04 5.915632471098666682e-04
8.800000000000000000e+01 9.075069252077562487e-02 3.167155485968927486e+00 1.000000000000000056e-01 -1.773101381327695132e-04 7.329647272186347144e-04
8.900000000000000000e+01 1.000000000000000056e-01 3.257906178489703208e+00 1.000000000000000056e-01 0.000000000000000000e+00 9.050456862345952367e-04
9.000000000000000000e+01 1.000000000000000056e-01 3.357906178489703297e+00 1.000000000000000056e-01 0.000000000000000000e+00 1.110375687340419640e-03
9.100000000000000000e+01 9.122865472719698943e-01 3.457906178489703386e+00 1.000000000000000056e-01 0.000000000000000000e+00 1.017726714473996289e-03
9.200000000000000000e+01 2.540982923781757830e+00 4.370192725761673280e+00 1.000000000000000056e-01 0.000000000000000000e+00 1.139937620787832753e-03
9.300000000000000000e+01 4.986089129529362118e+00 6.911175649543430666e+00 1.000000000000000056e-01 0.000000000000000000e+00 1.435774268434391590e-03
9.400000000000000000e+01 8.247605164514785869e+00 1.189726477907279190e+01 1.000000000000000056e-01 0.000000000000000000e+00 1.459438616803927563e-03
9.500000000000000000e+01 1.232553102873802686e+01 2.014486994358757954e+01 1.000000000000000056e-01 0.000000000000000000e+00 1.327849044293128713e-03
9.600000000000000000e+01 1.721986672219908243e+01 3.247040097232560640e+01 1.000000000000000056e-01 0.000000000000000000e+00 1.215293827945484843e-03
9.700000000000000000e+01 2.293061224489796146e+01 4.969026769452469239e+01 1.000000000000000056e-01 0.000000000000000000e+00 1.136226739508696846e-03
9.800000000000000000e+01 2.945776759683464974e+01 7.262087993942265030e+01 1.000000000000000056e-01 0.000000000000000000e+00 1.066537731353732780e-03
9.900000000000000000e+01 3.680133277800915437e+01 1.020786475362573071e+02 1.000000000000000056e-01 0.000000000000000000e+00 9.980571419899964773e-04
1.000000000000000000e+02 4.496130778842149311e+01 1.388799803142664473e+02 1.000000000000000056e-01 0.000000000000000000e+00 9.328164896432697721e-04
1.010000000000000000e+02 5.393769262807163045e+01 1.838412881026879404e+02 1.000000000000000056e-01 0.000000000000000000e+00 8.734910870032731867e-04
1.020000000000000000e+02 6.373048729695958770e+01 2.377789807307595709e+02 1.000000000000000056e-01 0.000000000000000000e+00 8.208098551588248644e-04
1.030000000000000000e+02 7.433969179508534353e+01 3.015094680277191515e+02 1.000000000000000056e-01 0.000000000000000000e+00 7.741476288978132612e-04
1.040000000000000000e+02 8.576530612244897611e+01 3.758491598228044950e+02 1.000000000000000056e-01 0.000000000000000000e+00 7.325213445882087452e-04
1.050000000000000000e+02 9.800733027905037886e+01 4.616144659452534711e+02 1.000000000000000056e-01 0.000000000000000000e+00 6.950846031730151166e-04
1.060000000000000000e+02 1.110657642648896086e+02 5.596217962243038073e+02 1.000000000000000056e-01 0.000000000000000000e+00 6.613162534667934613e-04
1.070000000000000000e+02 1.249406080799666370e+02 6.706875604891934017e+02 1.000000000000000056e-01 0.000000000000000000e+00 6.309204569362367697e-04
1.080000000000000000e+02 1.396318617242814923e+02 7.956281685691600387e+02 1.000000000000000056e-01 0.000000000000000000e+00 6.037251075307423914e-04
1.090000000000000000e+02 1.551395251978342174e+02 9.352600302934415595e+02 1.000000000000000056e-01 0.000000000000000000e+00 5.796060403930849069e-04
1.100000000000000000e+02 1.714635985006247267e+02 1.090399555491275805e+03 1.000000000000000056e-01 0.000000000000000000e+00 5.584245372816368973e-04
1.110000000000000000e+02 1.886040816326530205e+02 1.261863153991900617e+03 1.000000000000000056e-01 0.000000000000000000e+00 5.400076847841673135e-04
1.120000000000000000e+02 2.065609745939191555e+02 1.450467235624553723e+03 1.000000000000000056e-01 0.000000000000000000e+00 5.241492459960171886e-04
1.130000000000000000e+02 2.253342773844231033e+02 1.657028210218472850e+03 1.000000000000000056e-01 0.000000000000000000e+00 5.106207989231607413e-04
1.140000000000000000e+02 2.449239900041648639e+02 1.882362487602895953e+03 1.000000000000000056e-01 0.000000000000000000e+00 4.991851682916169418e-04
1.150000000000000000e+02 2.653301124531445225e+02 2.127286477607060988e+03 1.000000000000000056e-01 0.000000000000000000e+00 4.896077289422472514e-04
1.160000000000000000e+02 2.865526447313618519e+02 2.392616590060205453e+03 1.000000000000000056e-01 0.000000000000000000e+00 4.816640061954928238e-04
1.170000000000000000e+02 3.085915868388171361e+02 2.679169234791567305e+03 1.000000000000000056e-01 0.000000000000000000e+00 4.751437693427160809e-04
1.180000000000000000e+02 3.314469387755102048e+02 2.987760821630384271e+03 1.000000000000000056e-01 0.000000000000000000e+00 4.698526183596016823e-04
1.190000000000000000e+02 3.551187005414410578e+02 3.319207760405894533e+03 1.000000000000000056e-01 0.000000000000000000e+00 4.656121880644396318e-04
1.200000000000000000e+02 3.796068721366096952e+02 3.674326460947335363e+03 1.000000000000000056e-01 0.000000000000000000e+00 4.622598478769869026e-04
1.210000000000000000e+02 4.049114535610161738e+02 4.053933333083944945e+03 1.000000000000000056e-01 0.000000000000000000e+00 4.596484050574163203e-04
1.220000000000000000e+02 4.310324448146604936e+02 4.458844786644961459e+03 1.000000000000000056e-01 0.000000000000000000e+00 4.576459818118209307e-04
1.230000000000000000e+02 4.579698458975425979e+02 4.889877231459621726e+03 1.000000000000000056e-01 0.000000000000000000e+00 4.561360126375328368e-04
1.240000000000000000e+02 4.857236568096625433e+02 5.347847077357164380e+03 1.000000000000000056e-01 0.000000000000000000e+00 4.550171622308226858e-04
1.250000000000000000e+02 5.142938775510202731e+02 5.833570734166826696e+03 1.000000000000000056e-01 0.000000000000000000e+00 4.542030869849808246e-04
1.260000000000000000e+02 5.436805081216158442e+02 6.347864611717846856e+03 1.000000000000000056e-01 0.000000000000000000e+00 4.536217767672142700e-04
1.270000000000000000e+02 5.738835485214492564e+02 6.891545119839463041e+03 1.000000000000000056e-01 0.000000000000000000e+00 4.532145754849427007e-04
1.280000000000000000e+02 6.049029987505206236e+02 7.465428668360912525e+03 1.000000000000000056e-01 0.000000000000000000e+00 4.529348590886370313e-04
1.290000000000000000e+02 6.367388588088296046e+02 8.070331667111433489e+03 1.000000000000000056e-01 0.000000000000000000e+00 4.527464852965696045e-04
1.300000000000000000e+02 6.693911286963764269e+02 8.707070525920262298e+03 1.000000000000000056e-01 0.000000000000000000e+00 4.526221390908722469e-04
1.310000000000000000e+02 7.028598084131610904e+02 9.376461654616638043e+03 1.000000000000000056e-01 0.000000000000000000e+00 4.525416951691332932e-04
1.320000000000000000e+02 7.371448979591835950e+02 1.007932146302979891e+04 1.000000000000000056e-01 0.000000000000000000e+00 4.524906963666293445e-04
1.330000000000000000e+02 7.722463973344438273e+02 1.081646636098898307e+04 1.000000000000000056e-01 0.000000000000000000e+00 4.524590150261173396e-04
1.340000000000000000e+02 8.081643065389420144e+02 1.158871275832342690e+04 1.000000000000000056e-01 0.000000000000000000e+00 4.524397306750728106e-04
1.350000000000000000e+02 8.448986255726779291e+02 1.239687706486236857e+04 1.000000000000000056e-01 0.000000000000000000e+00 4.524282292072601044e-04
1.360000000000000000e+02 8.824493544356515713e+02 1.324177569043504627e+04 1.000000000000000056e-01 0.000000000000000000e+00 4.524215080759478474e-04
1.370000000000000000e+02 9.208164931278631684e+02 1.412422504487069818e+04 1.000000000000000056e-01 0.000000000000000000e+00 4.524176597612339693e-04
1.380000000000000000e+02 9.600000416493124931e+02 1.504504153799856067e+04 1.000000000000000056e-01 0.000000000000000000e+00 4.524155008199903078e-04
1.390000000000000000e+02 1.000000000000000000e+03 1.600504157964787373e+04 1.000000000000000056e-01 0.000000000000000000e+00 4.524143140753556706e-04
