0.000000000000000000e+00 9.999999999999998040e-04 0.000000000000000000e+00 0.000000000000000000e+00 -3.468892624522627085e-03 -7.767402500585355599e-15
1.000000000000000000e+00 1.190082644628098806e-03 9.999999999999998040e-04 2.040816326530612082e-02 -3.468892624522627085e-03 -7.767402500585355599e-15
2.000000000000000000e+00 1.396694214876033173e-03 2.190082644628098610e-03 4.081632653061224164e-02 -3.468892624522627085e-03 -2.080453049100743123e-04
3.000000000000000000e+00 1.619834710743801604e-03 3.586776859504131783e-03 6.122448979591836593e-02 -3.468892624522627085e-03 -4.244047774216429822e-04
4.000000000000000000e+00 1.859504132231404750e-03 5.206611570247933821e-03 8.163265306122448328e-02 -3.468892624522627085e-03 -6.341105244674938605e-04
5.000000000000000000e+00 2.115702479338842611e-03 7.066115702479338137e-03 1.020408163265306006e-01 -3.468892624522627085e-03 -8.322150216950070919e-04
6.000000000000000000e+00 2.388429752066115620e-03 9.181818181818179880e-03 1.224489795918367319e-01 -3.468892624522627085e-03 -1.017651554305504550e-03
7.000000000000000000e+00 2.677685950413222910e-03 1.157024793388429507e-02 1.428571428571428492e-01 -3.468892624522627085e-03 -1.190709244977933420e-03
8.000000000000000000e+00 2.983471074380164914e-03 1.424793388429751798e-02 1.632653061224489666e-01 -3.468892624522627085e-03 -1.352118066902949570e-03
9.000000000000000000e+00 3.305785123966942067e-03 1.723140495867768462e-02 1.836734693877550839e-01 -3.468892624522627085e-03 -1.502713211667712359e-03
1.000000000000000000e+01 3.644628099173553501e-03 2.053719008264462756e-02 2.040816326530612013e-01 -3.468892624522627085e-03 -1.643314867095038668e-03
1.100000000000000000e+01 3.999999999999999216e-03 2.418181818181817933e-02 2.244897959183673186e-01 -3.468892624522627085e-03 -1.774689944412389522e-03
1.200000000000000000e+01 4.371900826446280947e-03 2.818181818181817941e-02 2.448979591836734637e-01 -3.468892624522627085e-03 -1.897544517989144556e-03
1.300000000000000000e+01 4.760330578512397826e-03 3.255371900826446036e-02 2.653061224489795533e-01 -3.468892624522627085e-03 -2.012526897707240300e-03
1.400000000000000000e+01 5.165289256198346383e-03 3.731404958677685818e-02 2.857142857142856984e-01 -3.468892624522627085e-03 -2.120233580152789538e-03
1.500000000000000000e+01 5.586776859504132692e-03 4.247933884297520196e-02 3.061224489795917880e-01 -3.468892624522627085e-03 -2.221215264993281566e-03
1.600000000000000000e+01 6.024793388429753281e-03 4.806611570247933118e-02 3.265306122448979331e-01 -3.468892624522627085e-03 -2.315982083712362846e-03
1.700000000000000000e+01 6.479338842975206417e-03 5.409090909090908533e-02 3.469387755102040782e-01 -3.468892624522627085e-03 -2.405007924646381835e-03
1.800000000000000000e+01 6.950413223140496435e-03 6.057024793388429001e-02 3.673469387755101678e-01 -3.468892624522627085e-03 -2.488733978697920367e-03
1.900000000000000000e+01 7.438016528925620735e-03 6.752066115702479165e-02 3.877551020408163129e-01 -3.468892624522627085e-03 -2.567571677941423314e-03
2.000000000000000000e+01 7.942148760330577581e-03 7.495867768595040892e-02 4.081632653061224025e-01 -3.468892624522627085e-03 -2.641905180345133306e-03
2.100000000000000000e+01 8.462809917355372177e-03 8.290082644628098130e-02 4.285714285714285476e-01 -3.468892624522627085e-03 -2.712093518335188629e-03
2.200000000000000000e+01 8.999999999999999320e-03 9.136363636363635521e-02 4.489795918367346372e-01 -3.468892624522627085e-03 -2.778472495124843181e-03
2.300000000000000000e+01 9.553719008264462478e-03 1.003636363636363493e-01 4.693877551020407823e-01 -3.468892624522627085e-03 -2.841356386153846923e-03
2.400000000000000000e+01 1.012396694214876165e-02 1.099173553719008101e-01 4.897959183673469274e-01 -3.468892624522627085e-03 -2.901039483686218903e-03
2.500000000000000000e+01 1.071074380165289164e-02 1.200413223140495700e-01 5.102040816326530726e-01 -3.468892624522627085e-03 -2.957797509601265990e-03
2.600000000000000000e+01 1.131404958677685937e-02 1.307520661157024477e-01 5.306122448979591066e-01 -3.468892624522627085e-03 -3.011888912787397642e-03
2.700000000000000000e+01 1.193388429752066139e-02 1.420661157024793175e-01 5.510204081632652517e-01 -3.468892624522627085e-03 -3.063556062326882636e-03
2.800000000000000000e+01 1.257024793388429595e-02 1.539999999999999702e-01 5.714285714285713969e-01 -3.468892624522627085e-03 -3.113026344377587285e-03
2.900000000000000000e+01 1.322314049586776827e-02 1.665702479338842523e-01 5.918367346938775420e-01 -3.468892624522627085e-03 -3.160513168918772844e-03
3.000000000000000000e+01 1.389256198347107486e-02 1.797933884297520102e-01 6.122448979591835760e-01 -3.468892624522627085e-03 -3.206216891580675622e-03
3.100000000000000000e+01 1.457851239669421400e-02 1.936859504132230902e-01 6.326530612244897211e-01 -3.468892624522627085e-03 -3.250325655358978112e-03
3.200000000000000000e+01 1.528099173553719090e-02 2.082644628099173112e-01 6.530612244897958663e-01 -3.468892624522627085e-03 -3.293016156848000905e-03
3.300000000000000000e+01 1.599999999999999686e-02 2.235454545454544917e-01 6.734693877551020114e-01 -3.468892624522627085e-03 -3.334454341693369496e-03
3.400000000000000000e+01 1.673553719008264579e-02 2.395454545454544781e-01 6.938775510204081565e-01 -3.468892624522627085e-03 -3.374796033960782756e-03
3.500000000000000000e+01 1.748760330578512379e-02 2.562809917355371447e-01 7.142857142857141906e-01 -3.468892624522627085e-03 -3.414187504223537440e-03
3.600000000000000000e+01 1.825619834710743780e-02 2.737685950413222824e-01 7.346938775510203357e-01 -3.468892624522627085e-03 -3.452765981200808538e-03
3.700000000000000000e+01 1.904132231404959130e-02 2.920247933884297376e-01 7.551020408163264808e-01 -3.468892624522627085e-03 -3.490660111767031424e-03
3.800000000000000000e+01 1.984297520661157041e-02 3.110661157024793289e-01 7.755102040816326259e-01 -3.468892624522627085e-03 -3.527990374150042491e-03
3.900000000000000000e+01 2.066115702479338553e-02 3.309090909090908750e-01 7.959183673469386600e-01 -3.468892624522627085e-03 -3.564869449023603479e-03
4.000000000000000000e+01 2.149586776859504361e-02 3.515702479338842501e-01 8.163265306122448051e-01 -3.468892624522627085e-03 -3.601402553084162312e-03
4.100000000000000000e+01 2.234710743801653077e-02 3.730661157024792729e-01 8.367346938775509502e-01 -3.468892624522627085e-03 -3.637687739591527469e-03
4.200000000000000000e+01 2.321487603305785047e-02 3.954132231404958175e-01 8.571428571428570953e-01 -3.468892624522627085e-03 -3.673816170076636255e-03
4.300000000000000000e+01 2.409917355371901312e-02 4.186280991735536472e-01 8.775510204081632404e-01 -3.468892624522627085e-03 -3.709872361313715835e-03
4.400000000000000000e+01 2.499999999999999098e-02 4.427272727272726360e-01 8.979591836734692745e-01 -3.468892624522627085e-03 -3.745934411319137847e-03
4.500000000000000000e+01 2.591735537190082567e-02 4.677272727272726027e-01 9.183673469387754196e-01 -3.468892624522627085e-03 -3.782074207947801192e-03
4.600000000000000000e+01 2.685123966942149290e-02 4.936446280991734215e-01 9.387755102040815647e-01 -3.468892624522627085e-03 -3.818357623340037227e-03
4.700000000000000000e+01 2.780165289256197533e-02 5.204958677685949109e-01 9.591836734693877098e-01 -3.468892624522627085e-03 -3.854844697223184201e-03
4.800000000000000000e+01 2.876859504132231113e-02 5.482975206611568897e-01 9.795918367346938549e-01 -3.468892624522627085e-03 -3.891589811747462636e-03
4.900000000000000000e+01 2.975206611570248294e-02 5.770661157024792320e-01 1.000000000000000000e+00 -3.468892624522627085e-03 -3.928641860238238359e-03
5.000000000000000000e+01 3.075206611570246995e-02 6.068181818181817011e-01 1.000000000000000000e+00 -3.468892624522627085e-03 -3.966044411970550722e-03
5.100000000000000000e+01 3.176859504132231032e-02 6.375702479338841711e-01 1.000000000000000000e+00 -3.448484461257320891e-03 -3.988065555995661676e-03
5.200000000000000000e+01 3.280165289256199018e-02 6.693388429752065161e-01 1.000000000000000000e+00 -3.428076297992014698e-03 -4.008896113344195648e-03
5.300000000000000000e+01 3.385123966942148177e-02 7.021404958677684993e-01 1.000000000000000000e+00 -3.407668134726708938e-03 -4.029538966237358397e-03
5.400000000000000000e+01 3.491735537190082672e-02 7.359917355371899950e-01 1.000000000000000000e+00 -3.387259971461402744e-03 -4.049940856103583127e-03
5.500000000000000000e+01 3.600000000000000422e-02 7.709090909090907662e-01 1.000000000000000000e+00 -3.366851808196096550e-03 -4.070050102606585958e-03
5.600000000000000000e+01 3.709917355371900038e-02 8.069090909090907981e-01 1.000000000000000000e+00 -3.346443644930790356e-03 -4.089816885095463525e-03
5.700000000000000000e+01 3.821487603305784991e-02 8.440082644628097430e-01 1.000000000000000000e+00 -3.326035481665484163e-03 -4.109193490769987717e-03
5.800000000000000000e+01 3.934710743801653893e-02 8.822231404958675860e-01 1.000000000000000000e+00 -3.305627318400177969e-03 -4.128134529099082572e-03
5.900000000000000000e+01 4.049586776859503273e-02 9.215702479338840902e-01 1.000000000000000000e+00 -3.285219155134871775e-03 -4.146597111456500409e-03
6.000000000000000000e+01 4.166115702479338684e-02 9.620661157024791299e-01 1.000000000000000000e+00 -3.264810991869566015e-03 -4.164540995675923216e-03
6.100000000000000000e+01 4.284297520661158043e-02 1.003727272727272579e+00 1.000000000000000000e+00 -3.244402828604259822e-03 -4.181928695948883279e-03
6.200000000000000000e+01 4.404132231404957881e-02 1.046570247933884090e+00 1.000000000000000000e+00 -3.223994665338953628e-03 -4.198725559163392178e-03
6.300000000000000000e+01 4.525619834710743750e-02 1.090611570247933759e+00 1.000000000000000000e+00 -3.203586502073647434e-03 -4.214899809328725815e-03
6.400000000000000000e+01 4.648760330578512873e-02 1.135867768595041127e+00 1.000000000000000000e+00 -3.183178338808341241e-03 -4.230422562257515028e-03
6.500000000000000000e+01 4.773553719008263863e-02 1.182355371900826180e+00 1.000000000000000000e+00 -3.162770175543035481e-03 -4.245267813030577375e-03
6.600000000000000000e+01 4.900000000000000189e-02 1.230090909090908902e+00 1.000000000000000000e+00 -3.142362012277729287e-03 -4.259412399063072265e-03
6.700000000000000000e+01 5.028099173553719770e-02 1.279090909090908834e+00 1.000000000000000000e+00 -3.121953849012423093e-03 -4.272835941787700778e-03
6.800000000000000000e+01 5.157851239669420523e-02 1.329371900826445962e+00 1.000000000000000000e+00 -3.101545685747116900e-03 -4.285520770040556621e-03
6.900000000000000000e+01 5.289256198347107307e-02 1.380950413223140272e+00 1.000000000000000000e+00 -3.081137522481810706e-03 -4.297451828185984077e-03
7.000000000000000000e+01 5.422314049586778040e-02 1.433842975206611303e+00 1.000000000000000000e+00 -3.060729359216504512e-03 -4.308616571988754460e-03
7.100000000000000000e+01 5.557024793388429251e-02 1.488066115702479042e+00 1.000000000000000000e+00 -3.040321195951198319e-03 -4.319004855000713877e-03
7.200000000000000000e+01 5.693388429752066493e-02 1.543636363636363251e+00 1.000000000000000000e+00 -3.019913032685892559e-03 -4.328608808001429067e-03
7.300000000000000000e+01 5.831404958677686989e-02 1.600570247933883916e+00 1.000000000000000000e+00 -2.999504869420586365e-03 -4.337422713800097654e-03
7.400000000000000000e+01 5.971074380165288659e-02 1.658884297520660800e+00 1.000000000000000000e+00 -2.979096706155280171e-03 -4.345442879338957259e-03
7.500000000000000000e+01 6.112396694214876358e-02 1.718595041322313666e+00 1.000000000000000000e+00 -2.958688542889973978e-03 -4.352667506720618758e-03
7.600000000000000000e+01 6.255371900826448006e-02 1.779719008264462499e+00 1.000000000000000000e+00 -2.938280379624667784e-03 -4.359096564467795226e-03
7.700000000000000000e+01 6.399999999999998745e-02 1.842272727272727062e+00 1.000000000000000000e+00 -2.917872216359362024e-03 -4.364731660027402690e-03
7.800000000000000000e+01 6.546280991735536903e-02 1.906272727272727119e+00 1.000000000000000000e+00 -2.897464053094055830e-03 -4.369575914162867475e-03
7.900000000000000000e+01 6.694214876033058315e-02 1.971735537190082432e+00 1.000000000000000000e+00 -2.877055889828749637e-03 -4.373633837750526970e-03
8.000000000000000000e+01 6.843801652892561593e-02 2.038677685950413210e+00 1.000000000000000000e+00 -2.856647726563443443e-03 -4.376911211140439156e-03
8.100000000000000000e+01 6.995041322314049514e-02 2.107115702479338992e+00 1.000000000000000000e+00 -2.836239563298137249e-03 -4.379414966230346477e-03
8.200000000000000000e+01 7.147933884297522078e-02 2.177066115702479543e+00 1.000000000000000000e+00 -2.815831400032831056e-03 -4.381153071141877589e-03
8.300000000000000000e+01 7.302479338842975121e-02 2.248545454545454625e+00 1.000000000000000000e+00 -2.795423236767524862e-03 -4.382134417444536606e-03
8.400000000000000000e+01 7.458677685950412806e-02 2.321570247933884446e+00 1.000000000000000000e+00 -2.775015073502218668e-03 -4.382368709801220605e-03
8.500000000000000000e+01 7.616528925619836521e-02 2.396157024793388768e+00 1.000000000000000000e+00 -2.754606910236912908e-03 -4.381866357951871155e-03
8.600000000000000000e+01 7.776033057851239327e-02 2.472322314049587355e+00 1.000000000000000000e+00 -2.734198746971606715e-03 -4.380638370966688858e-03
8.700000000000000000e+01 7.937190082644628164e-02 2.550082644628099970e+00 1.000000000000000000e+00 -2.713790583706300521e-03 -4.378696253918343446e-03
8.800000000000000000e+01 8.099999999999998868e-02 2.629454545454546377e+00 1.000000000000000000e+00 -2.693382420440994327e-03 -4.376051907055877183e-03
8.900000000000000000e+01 8.264462809917354214e-02 2.710454545454546338e+00 1.000000000000000000e+00 -2.672974257175688567e-03 -4.372717527816588970e-03
9.000000000000000000e+01 8.430578512396694202e-02 2.793099173553720060e+00 1.000000000000000000e+00 -2.652566093910382373e-03 -4.368705516079835621e-03
9.100000000000000000e+01 8.598347107438014669e-02 2.877404958677686864e+00 1.000000000000000000e+00 -2.632157930645076180e-03 -4.364028383166278051e-03
9.200000000000000000e+01 8.767768595041321167e-02 2.963388429752066955e+00 1.000000000000000000e+00 -2.611749767379769986e-03 -4.358698665145699196e-03
9.300000000000000000e+01 8.938842975206612307e-02 3.051066115702480097e+00 1.000000000000000000e+00 -2.591341604114463792e-03 -4.352728841204684188e-03
9.400000000000000000e+01 9.111570247933882538e-02 3.140454545454546054e+00 1.000000000000000000e+00 -2.570933440849157599e-03 -4.346131257706430454e-03
9.500000000000000000e+01 9.285950413223140187e-02 3.231570247933885032e+00 1.000000000000000000e+00 -2.550525277583851405e-03 -4.338918058677157519e-03
9.600000000000000000e+01 9.461983471074381091e-02 3.324429752066116350e+00 1.000000000000000000e+00 -2.530117114318545211e-03 -4.331101123447301388e-03
9.700000000000000000e+01 9.639669421487601086e-02 3.419049586776860217e+00 1.000000000000000000e+00 -2.509708951053239451e-03 -4.322692012039580645e-03
9.800000000000000000e+01 9.819008264462809887e-02 3.515446280991736394e+00 1.000000000000000000e+00 -2.489300787787933258e-03 -4.313701918886431001e-03
9.900000000000000000e+01 1.000000000000000056e-01 3.613636363636364646e+00 1.000000000000000000e+00 -2.468892624522627064e-03 -4.304141635318135817e-03
1.000000000000000000e+02 9.999999999999998040e-04 3.713636363636364734e+00 1.000000000000000000e+00 -2.468892624522627064e-03 -4.294021521130231278e-03
1.010000000000000000e+02 3.999999999999999216e-03 3.714636363636364624e+00 1.000000000000000000e+00 -2.194571221797890579e-03 -4.293927639638343494e-03
1.020000000000000000e+02 9.000000000000001055e-03 3.718636363636364628e+00 1.000000000000000000e+00 -1.920249819073154528e-03 -4.281139008277956223e-03
1.030000000000000000e+02 1.599999999999999686e-02 3.727636363636364525e+00 1.000000000000000000e+00 -1.645928416348418043e-03 -4.260450856278365749e-03
1.040000000000000000e+02 2.500000000000000833e-02 3.743636363636364539e+00 1.000000000000000000e+00 -1.371607013623681775e-03 -4.225662825588166228e-03
1.050000000000000000e+02 3.600000000000000422e-02 3.768636363636364450e+00 1.000000000000000000e+00 -1.097285610898945506e-03 -4.168432013184449753e-03
1.060000000000000000e+02 4.900000000000000189e-02 3.804636363636364482e+00 1.000000000000000000e+00 -8.229642081742090214e-04 -4.078369553764528248e-03
1.070000000000000000e+02 6.400000000000001521e-02 3.853636363636364415e+00 1.000000000000000000e+00 -5.486428054494727532e-04 -3.943314244948604649e-03
1.080000000000000000e+02 8.100000000000001643e-02 3.917636363636364472e+00 1.000000000000000000e+00 -2.743214027247364850e-04 -3.749644594744788034e-03
1.090000000000000000e+02 1.000000000000000056e-01 3.998636363636364432e+00 1.000000000000000000e+00 0.000000000000000000e+00 -3.482348560758567312e-03
1.100000000000000000e+02 1.000000000000000056e-01 4.098636363636364521e+00 1.000000000000000000e+00 0.000000000000000000e+00 -3.124462863659761922e-03
1.110000000000000000e+02 2.640477531762450703e-01 4.198636363636364166e+00 1.000000000000000000e+00 0.000000000000000000e+00 -2.976983261356641944e-03
1.120000000000000000e+02 5.062091628953167000e-01 4.462684116812608792e+00 1.000000000000000000e+00 0.000000000000000000e+00 -2.703831674443881675e-03
1.130000000000000000e+02 8.264842291572147559e-01 4.968893279707925714e+00 1.000000000000000000e+00 0.000000000000000000e+00 -2.387095905815875968e-03
1.140000000000000000e+02 1.224872951961939460e+00 5.795377508865140470e+00 1.000000000000000000e+00 0.000000000000000000e+00 -2.081162789794973895e-03
1.150000000000000000e+02 1.701375331309490813e+00 7.020250460827080374e+00 1.000000000000000000e+00 0.000000000000000000e+00 -1.785007259148735153e-03
1.160000000000000000e+02 2.255991367199868591e+00 8.721625792136570965e+00 1.000000000000000000e+00 0.000000000000000000e+00 -1.493814871591105271e-03
1.170000000000000000e+02 2.888721059633073018e+00 1.097761715933643956e+01 1.000000000000000000e+00 0.000000000000000000e+00 -1.228522993392056019e-03
1.180000000000000000e+02 3.599564408609104316e+00 1.386633821896951346e+01 1.000000000000000000e+00 0.000000000000000000e+00 -1.022657272462663492e-03
1.190000000000000000e+02 4.388521414127962039e+00 1.746590262757861822e+01 1.000000000000000000e+00 0.000000000000000000e+00 -9.020454858046131992e-04
1.200000000000000000e+02 5.255592076189644857e+00 2.185442404170657937e+01 1.000000000000000000e+00 0.000000000000000000e+00 -8.766181284271386221e-04
1.210000000000000000e+02 6.200776394794156765e+00 2.711001611789622245e+01 1.000000000000000000e+00 0.000000000000000000e+00 -9.417259284590574937e-04
1.220000000000000000e+02 7.224074369941492435e+00 3.331079251269037655e+01 1.000000000000000000e+00 0.000000000000000000e+00 -1.082959602863336384e-03
1.230000000000000000e+02 8.325486001631658084e+00 4.053486688263186721e+01 1.000000000000000000e+00 0.000000000000000000e+00 -1.281275940446544330e-03
1.240000000000000000e+02 9.505011289864645718e+00 4.886035288426352707e+01 1.000000000000000000e+00 0.000000000000000000e+00 -1.517058215327474549e-03
1.250000000000000000e+02 1.076265023464046422e+01 5.836536417412817457e+01 1.000000000000000000e+00 0.000000000000000000e+00 -1.772640740146930747e-03
1.260000000000000000e+02 1.209840283595910648e+01 6.912801440876863523e+01 1.000000000000000000e+00 0.000000000000000000e+00 -2.033447583141166724e-03
1.270000000000000000e+02 1.351226909382057428e+01 8.122641724472774172e+01 1.000000000000000000e+00 0.000000000000000000e+00 -2.288203036221024816e-03
1.280000000000000000e+02 1.500424900822487295e+01 9.473868633854831955e+01 1.000000000000000000e+00 0.000000000000000000e+00 -2.528670873866646802e-03
1.290000000000000000e+02 1.657434257917199005e+01 1.097429353467731943e+02 1.000000000000000000e+00 0.000000000000000000e+00 -2.749230266242800886e-03
1.300000000000000000e+02 1.822254980666194157e+01 1.263172779259451772e+02 1.000000000000000000e+00 0.000000000000000000e+00 -2.946441667495031634e-03
1.310000000000000000e+02 1.994887069069471863e+01 1.445398277326071081e+02 1.000000000000000000e+00 0.000000000000000000e+00 -3.118654416181141850e-03
1.320000000000000000e+02 2.175330523127032478e+01 1.644886984233018268e+02 1.000000000000000000e+00 0.000000000000000000e+00 -3.265659245418604459e-03
1.330000000000000000e+02 2.363585342838875647e+01 1.862420036545721587e+02 1.000000000000000000e+00 0.000000000000000000e+00 -3.388374294977552353e-03
1.340000000000000000e+02 2.559651528205000659e+01 2.098778570829609293e+02 1.000000000000000000e+00 0.000000000000000000e+00 -3.488554820167008574e-03
1.350000000000000000e+02 2.763529079225408935e+01 2.354743723650109359e+02 1.000000000000000000e+00 0.000000000000000000e+00 -3.568523525811090075e-03
1.360000000000000000e+02 2.975217995900100121e+01 2.631096631572650040e+02 1.000000000000000000e+00 0.000000000000000000e+00 -3.630924777113263280e-03
1.370000000000000000e+02 3.194718278229072794e+01 2.928618431162660158e+02 1.000000000000000000e+00 0.000000000000000000e+00 -3.678509628158163451e-03
1.380000000000000000e+02 3.422029926212329087e+01 3.248090258985567402e+02 1.000000000000000000e+00 0.000000000000000000e+00 -3.713959186880694697e-03
1.390000000000000000e+02 3.657152939849868289e+01 3.590293251606800595e+02 1.000000000000000000e+00 0.000000000000000000e+00 -3.739751753727741605e-03
1.400000000000000000e+02 3.900087319141690045e+01 3.956008545591787424e+02 1.000000000000000000e+00 0.000000000000000000e+00 -3.758075393141739693e-03
1.410000000000000000e+02 4.150833064087793645e+01 4.346017277505956145e+02 1.000000000000000000e+00 0.000000000000000000e+00 -3.770783295038818671e-03
1.420000000000000000e+02 4.409390174688180508e+01 4.761100583914735580e+02 1.000000000000000000e+00 0.000000000000000000e+00 -3.779385547180222696e-03
1.430000000000000000e+02 4.675758650942850636e+01 5.202039601383553418e+02 1.000000000000000000e+00 0.000000000000000000e+00 -3.785068526223602393e-03
1.440000000000000000e+02 4.949938492851801897e+01 5.669615466477838481e+02 1.000000000000000000e+00 0.000000000000000000e+00 -3.788732315490246291e-03
1.450000000000000000e+02 5.231929700415037132e+01 6.164609315763018458e+02 1.000000000000000000e+00 0.000000000000000000e+00 -3.791037221732438973e-03
1.460000000000000000e+02 5.521732273632554922e+01 6.687802285804522171e+02 1.000000000000000000e+00 0.000000000000000000e+00 -3.792452143457732214e-03
1.470000000000000000e+02 5.819346212504355265e+01 7.239975513167777308e+02 1.000000000000000000e+00 0.000000000000000000e+00 -3.793299690884036589e-03
1.480000000000000000e+02 6.124771517030436740e+01 7.821910134418212692e+02 1.000000000000000000e+00 0.000000000000000000e+00 -3.793795084596382396e-03
1.490000000000000000e+02 6.438008187210802191e+01 8.434387286121256011e+02 1.000000000000000000e+00 0.000000000000000000e+00 -3.794077637290622917e-03
1.500000000000000000e+02 6.759056223045450906e+01 9.078188104842336088e+02 1.000000000000000000e+00 0.000000000000000000e+00 -3.794234898962900709e-03
1.510000000000000000e+02 7.087915624534379333e+01 9.754093727146880610e+02 1.000000000000000000e+00 0.000000000000000000e+00 -3.794320314452562411e-03
1.520000000000000000e+02 7.424586391677593156e+01 1.046288528960031954e+03 1.000000000000000000e+00 0.000000000000000000e+00 -3.794365589626051173e-03
1.530000000000000000e+02 7.769068524475089532e+01 1.120534392876807942e+03 1.000000000000000000e+00 0.000000000000000000e+00 -3.794389011206313663e-03
1.540000000000000000e+02 8.121362022926868462e+01 1.198225078121558909e+03 1.000000000000000000e+00 0.000000000000000000e+00 -3.794400837014553010e-03
1.550000000000000000e+02 8.481466887032929947e+01 1.279438698350827508e+03 1.000000000000000000e+00 0.000000000000000000e+00 -3.794406665201970064e-03
1.560000000000000000e+02 8.849383116793273985e+01 1.364253367221156850e+03 1.000000000000000000e+00 0.000000000000000000e+00 -3.794409469060895483e-03
1.570000000000000000e+02 9.225110712207897734e+01 1.452747198389089590e+03 1.000000000000000000e+00 0.000000000000000000e+00 -3.794410785903900782e-03
1.580000000000000000e+02 9.608649673276808301e+01 1.544998305511168610e+03 1.000000000000000000e+00 0.000000000000000000e+00 -3.794411389722054679e-03
1.590000000000000000e+02 1.000000000000000000e+02 1.641084802243936792e+03 1.000000000000000000e+00 0.000000000000000000e+00 -3.794411660063443277e-03
