0.000000000000000000e+00 9.999999999999998040e-04 0.000000000000000000e+00 0.000000000000000000e+00 -3.468892624522627085e-03 -7.767402500585355599e-15
1.000000000000000000e+00 1.190082644628098806e-03 9.999999999999998040e-04 2.040816326530612429e-03 -3.468892624522627085e-03 -7.767402500585355599e-15
2.000000000000000000e+00 1.396694214876033173e-03 2.190082644628098610e-03 4.081632653061224858e-03 -3.468892624522627085e-03 -1.969566115598147822e-05
3.000000000000000000e+00 1.619834710743801604e-03 3.586776859504131783e-03 6.122448979591837287e-03 -3.468892624522627085e-03 -3.971192385024087580e-05
4.000000000000000000e+00 1.859504132231404750e-03 5.206611570247933821e-03 8.163265306122449716e-03 -3.468892624522627085e-03 -6.002316442502657047e-05
5.000000000000000000e+00 2.115702479338842611e-03 7.066115702479338137e-03 1.020408163265306214e-02 -3.468892624522627085e-03 -8.059986316667153974e-05
6.000000000000000000e+00 2.388429752066115620e-03 9.181818181818179880e-03 1.224489795918367457e-02 -3.468892624522627085e-03 -1.014105574278655237e-04
7.000000000000000000e+00 2.677685950413222910e-03 1.157024793388429507e-02 1.428571428571428700e-02 -3.468892624522627085e-03 -1.224233381745435474e-04
8.000000000000000000e+00 2.983471074380164914e-03 1.424793388429751798e-02 1.632653061224489943e-02 -3.468892624522627085e-03 -1.436069138842752016e-04
9.000000000000000000e+00 3.305785123966942067e-03 1.723140495867768462e-02 1.836734693877551186e-02 -3.468892624522627085e-03 -1.649313169931767133e-04
1.000000000000000000e+01 3.644628099173553501e-03 2.053719008264462756e-02 2.040816326530612429e-02 -3.468892624522627085e-03 -1.863683366732572680e-04
1.100000000000000000e+01 3.999999999999999216e-03 2.418181818181817933e-02 2.244897959183673672e-02 -3.468892624522627085e-03 -2.078917525742287437e-04
1.200000000000000000e+01 4.371900826446280947e-03 2.818181818181817941e-02 2.448979591836734915e-02 -3.468892624522627085e-03 -2.294774296126990789e-04
1.300000000000000000e+01 4.760330578512397826e-03 3.255371900826446036e-02 2.653061224489796158e-02 -3.468892624522627085e-03 -2.511033194471065958e-04
1.400000000000000000e+01 5.165289256198346383e-03 3.731404958677685818e-02 2.857142857142857401e-02 -3.468892624522627085e-03 -2.727494019825566439e-04
1.500000000000000000e+01 5.586776859504132692e-03 4.247933884297520196e-02 3.061224489795918643e-02 -3.468892624522627085e-03 -2.943975905643797953e-04
1.600000000000000000e+01 6.024793388429753281e-03 4.806611570247933118e-02 3.265306122448979886e-02 -3.468892624522627085e-03 -3.160316172592269506e-04
1.700000000000000000e+01 6.479338842975206417e-03 5.409090909090908533e-02 3.469387755102040782e-02 -3.468892624522627085e-03 -3.376369092738032147e-04
1.800000000000000000e+01 6.950413223140496435e-03 6.057024793388429001e-02 3.673469387755102372e-02 -3.468892624522627085e-03 -3.592004637948168996e-04
1.900000000000000000e+01 7.438016528925620735e-03 6.752066115702479165e-02 3.877551020408163962e-02 -3.468892624522627085e-03 -3.807107258368052976e-04
2.000000000000000000e+01 7.942148760330577581e-03 7.495867768595040892e-02 4.081632653061224858e-02 -3.468892624522627085e-03 -4.021574718591726578e-04
2.100000000000000000e+01 8.462809917355372177e-03 8.290082644628098130e-02 4.285714285714285754e-02 -3.468892624522627085e-03 -4.235317006478461050e-04
2.200000000000000000e+01 8.999999999999999320e-03 9.136363636363635521e-02 4.489795918367347344e-02 -3.468892624522627085e-03 -4.448255321174711093e-04
2.300000000000000000e+01 9.553719008264462478e-03 1.003636363636363493e-01 4.693877551020408934e-02 -3.468892624522627085e-03 -4.660321141465871065e-04
2.400000000000000000e+01 1.012396694214876165e-02 1.099173553719008101e-01 4.897959183673469830e-02 -3.468892624522627085e-03 -4.871455371990646090e-04
2.500000000000000000e+01 1.071074380165289164e-02 1.200413223140495700e-01 5.102040816326530726e-02 -3.468892624522627085e-03 -5.081607562946729518e-04
2.600000000000000000e+01 1.131404958677685937e-02 1.307520661157024477e-01 5.306122448979592315e-02 -3.468892624522627085e-03 -5.290735197498591669e-04
2.700000000000000000e+01 1.193388429752066139e-02 1.420661157024793175e-01 5.510204081632653905e-02 -3.468892624522627085e-03 -5.498803040905861405e-04
2.800000000000000000e+01 1.257024793388429595e-02 1.539999999999999702e-01 5.714285714285714801e-02 -3.468892624522627085e-03 -5.705782544954075743e-04
2.900000000000000000e+01 1.322314049586776827e-02 1.665702479338842523e-01 5.918367346938775697e-02 -3.468892624522627085e-03 -5.911651301729551472e-04
3.000000000000000000e+01 1.389256198347107486e-02 1.797933884297520102e-01 6.122448979591837287e-02 -3.468892624522627085e-03 -6.116392540904125319e-04
3.100000000000000000e+01 1.457851239669421400e-02 1.936859504132230902e-01 6.326530612244898877e-02 -3.468892624522627085e-03 -6.319994665286931233e-04
3.200000000000000000e+01 1.528099173553719090e-02 2.082644628099173112e-01 6.530612244897959773e-02 -3.468892624522627085e-03 -6.522450819796951410e-04
3.300000000000000000e+01 1.599999999999999686e-02 2.235454545454544917e-01 6.734693877551020669e-02 -3.468892624522627085e-03 -6.723758489488881971e-04
3.400000000000000000e+01 1.673553719008264579e-02 2.395454545454544781e-01 6.938775510204081565e-02 -3.468892624522627085e-03 -6.923919122986890587e-04
3.500000000000000000e+01 1.748760330578512379e-02 2.562809917355371447e-01 7.142857142857143848e-02 -3.468892624522627085e-03 -7.122937777840973464e-04
3.600000000000000000e+01 1.825619834710743780e-02 2.737685950413222824e-01 7.346938775510204744e-02 -3.468892624522627085e-03 -7.320822785156076056e-04
3.700000000000000000e+01 1.904132231404959130e-02 2.920247933884297376e-01 7.551020408163265640e-02 -3.468892624522627085e-03 -7.517585430962829465e-04
3.800000000000000000e+01 1.984297520661157041e-02 3.110661157024793289e-01 7.755102040816327924e-02 -3.468892624522627085e-03 -7.713239652478284716e-04
3.900000000000000000e+01 2.066115702479338553e-02 3.309090909090908750e-01 7.959183673469388820e-02 -3.468892624522627085e-03 -7.907801747611507967e-04
4.000000000000000000e+01 2.149586776859504361e-02 3.515702479338842501e-01 8.163265306122449716e-02 -3.468892624522627085e-03 -8.101290096421797770e-04
4.100000000000000000e+01 2.234710743801653077e-02 3.730661157024792729e-01 8.367346938775510612e-02 -3.468892624522627085e-03 -8.293724893703659402e-04
4.200000000000000000e+01 2.321487603305785047e-02 3.954132231404958175e-01 8.571428571428571508e-02 -3.468892624522627085e-03 -8.485127891861296914e-04
4.300000000000000000e+01 2.409917355371901312e-02 4.186280991735536472e-01 8.775510204081633792e-02 -3.468892624522627085e-03 -8.675522153739193866e-04
4.400000000000000000e+01 2.499999999999999098e-02 4.427272727272726360e-01 8.979591836734694688e-02 -3.468892624522627085e-03 -8.864931815104750779e-04
4.500000000000000000e+01 2.591735537190082567e-02 4.677272727272726027e-01 9.183673469387755584e-02 -3.468892624522627085e-03 -9.053381856631278818e-04
4.600000000000000000e+01 2.685123966942149290e-02 4.936446280991734215e-01 9.387755102040817867e-02 -3.468892624522627085e-03 -9.240897885524477400e-04
4.700000000000000000e+01 2.780165289256197533e-02 5.204958677685949109e-01 9.591836734693878763e-02 -3.468892624522627085e-03 -9.427505926814706448e-04
4.800000000000000000e+01 2.876859504132231113e-02 5.482975206611568897e-01 9.795918367346939659e-02 -3.468892624522627085e-03 -9.613232224523658113e-04
4.900000000000000000e+01 2.975206611570248294e-02 5.770661157024792320e-01 1.000000000000000056e-01 -3.468892624522627085e-03 -9.798103052994192215e-04
5.000000000000000000e+01 3.075206611570246995e-02 6.068181818181817011e-01 1.000000000000000056e-01 -3.468892624522627085e-03 -9.982144538594540147e-04
5.100000000000000000e+01 3.176859504132231032e-02 6.375702479338841711e-01 1.000000000000000056e-01 -3.466851808196096379e-03 -9.983932377842668661e-04
5.200000000000000000e+01 3.280165289256199018e-02 6.693388429752065161e-01 1.000000000000000056e-01 -3.464810991869565673e-03 -9.985831757924866232e-04
5.300000000000000000e+01 3.385123966942148177e-02 7.021404958677684993e-01 1.000000000000000056e-01 -3.462770175543035400e-03 -9.988162350415507023e-04
5.400000000000000000e+01 3.491735537190082672e-02 7.359917355371899950e-01 1.000000000000000056e-01 -3.460729359216504694e-03 -9.990915277439851427e-04
5.500000000000000000e+01 3.600000000000000422e-02 7.709090909090907662e-01 1.000000000000000056e-01 -3.458688542889973988e-03 -9.994080101705154952e-04
5.600000000000000000e+01 3.709917355371900038e-02 8.069090909090907981e-01 1.000000000000000056e-01 -3.456647726563443282e-03 -9.997644960885376450e-04
5.700000000000000000e+01 3.821487603305784991e-02 8.440082644628097430e-01 1.000000000000000056e-01 -3.454606910236913010e-03 -1.000159670615499577e-03
5.800000000000000000e+01 3.934710743801653893e-02 8.822231404958675860e-01 1.000000000000000056e-01 -3.452566093910382303e-03 -1.000592104283202534e-03
5.900000000000000000e+01 4.049586776859503273e-02 9.215702479338840902e-01 1.000000000000000056e-01 -3.450525277583851597e-03 -1.001060267101972715e-03
6.000000000000000000e+01 4.166115702479338684e-02 9.620661157024791299e-01 1.000000000000000056e-01 -3.448484461257320891e-03 -1.001562542450818534e-03
6.100000000000000000e+01 4.284297520661158043e-02 1.003727272727272579e+00 1.000000000000000056e-01 -3.446443644930790185e-03 -1.002097240629082169e-03
6.200000000000000000e+01 4.404132231404957881e-02 1.046570247933884090e+00 1.000000000000000056e-01 -3.444402828604259913e-03 -1.002662611929782321e-03
6.300000000000000000e+01 4.525619834710743750e-02 1.090611570247933759e+00 1.000000000000000056e-01 -3.442362012277729207e-03 -1.003256859112944526e-03
6.400000000000000000e+01 4.648760330578512873e-02 1.135867768595041127e+00 1.000000000000000056e-01 -3.440321195951198500e-03 -1.003878149192176774e-03
6.500000000000000000e+01 4.773553719008263863e-02 1.182355371900826180e+00 1.000000000000000056e-01 -3.438280379624667794e-03 -1.004524624452977303e-03
6.600000000000000000e+01 4.900000000000000189e-02 1.230090909090908902e+00 1.000000000000000056e-01 -3.436239563298137522e-03 -1.005194412655100247e-03
6.700000000000000000e+01 5.028099173553719770e-02 1.279090909090908834e+00 1.000000000000000056e-01 -3.434198746971606816e-03 -1.005885636386892818e-03
6.800000000000000000e+01 5.157851239669420523e-02 1.329371900826445962e+00 1.000000000000000056e-01 -3.432157930645076110e-03 -1.006596421557327033e-03
6.900000000000000000e+01 5.289256198347107307e-02 1.380950413223140272e+00 1.000000000000000056e-01 -3.430117114318545404e-03 -1.007324905023884590e-03
7.000000000000000000e+01 5.422314049586778040e-02 1.433842975206611303e+00 1.000000000000000056e-01 -3.428076297992015131e-03 -1.008069241380844024e-03
7.100000000000000000e+01 5.557024793388429251e-02 1.488066115702479042e+00 1.000000000000000056e-01 -3.426035481665484425e-03 -1.008827608923810147e-03
7.200000000000000000e+01 5.693388429752066493e-02 1.543636363636363251e+00 1.000000000000000056e-01 -3.423994665338953719e-03 -1.009598214840408707e-03
7.300000000000000000e+01 5.831404958677686989e-02 1.600570247933883916e+00 1.000000000000000056e-01 -3.421953849012423013e-03 -1.010379299658806067e-03
7.400000000000000000e+01 5.971074380165288659e-02 1.658884297520660800e+00 1.000000000000000056e-01 -3.419913032685892307e-03 -1.011169141014200013e-03
7.500000000000000000e+01 6.112396694214876358e-02 1.718595041322313666e+00 1.000000000000000056e-01 -3.417872216359362034e-03 -1.011966056783022939e-03
7.600000000000000000e+01 6.255371900826448006e-02 1.779719008264462499e+00 1.000000000000000056e-01 -3.415831400032831328e-03 -1.012768407637858192e-03
7.700000000000000000e+01 6.399999999999998745e-02 1.842272727272727062e+00 1.000000000000000056e-01 -3.413790583706300622e-03 -1.013574599085002468e-03
7.800000000000000000e+01 6.546280991735536903e-02 1.906272727272727119e+00 1.000000000000000056e-01 -3.411749767379769916e-03 -1.014383083038490358e-03
7.900000000000000000e+01 6.694214876033058315e-02 1.971735537190082432e+00 1.000000000000000056e-01 -3.409708951053239644e-03 -1.015192358981583439e-03
8.000000000000000000e+01 6.843801652892561593e-02 2.038677685950413210e+00 1.000000000000000056e-01 -3.407668134726708938e-03 -1.016000974777457946e-03
8.100000000000000000e+01 6.995041322314049514e-02 2.107115702479338992e+00 1.000000000000000056e-01 -3.405627318400178231e-03 -1.016807527168973402e-03
8.200000000000000000e+01 7.147933884297522078e-02 2.177066115702479543e+00 1.000000000000000056e-01 -3.403586502073647525e-03 -1.017610662022881782e-03
8.300000000000000000e+01 7.302479338842975121e-02 2.248545454545454625e+00 1.000000000000000056e-01 -3.401545685747116819e-03 -1.018409074357981862e-03
8.400000000000000000e+01 7.458677685950412806e-02 2.321570247933884446e+00 1.000000000000000056e-01 -3.399504869420586547e-03 -1.019201508202776697e-03
8.500000000000000000e+01 7.616528925619836521e-02 2.396157024793388768e+00 1.000000000000000056e-01 -3.397464053094055841e-03 -1.019986756311738350e-03
8.600000000000000000e+01 7.776033057851239327e-02 2.472322314049587355e+00 1.000000000000000056e-01 -3.395423236767525135e-03 -1.020763659788161658e-03
8.700000000000000000e+01 7.937190082644628164e-02 2.550082644628099970e+00 1.000000000000000056e-01 -3.393382420440994428e-03 -1.021531107631369747e-03
8.800000000000000000e+01 8.099999999999998868e-02 2.629454545454546377e+00 1.000000000000000056e-01 -3.391341604114464156e-03 -1.022288036246683275e-03
8.900000000000000000e+01 8.264462809917354214e-02 2.710454545454546338e+00 1.000000000000000056e-01 -3.389300787787933450e-03 -1.023033428937247065e-03
9.000000000000000000e+01 8.430578512396694202e-02 2.793099173553720060e+00 1.000000000000000056e-01 -3.387259971461402744e-03 -1.023766315407740463e-03
9.100000000000000000e+01 8.598347107438014669e-02 2.877404958677686864e+00 1.000000000000000056e-01 -3.385219155134872038e-03 -1.024485771291010552e-03
9.200000000000000000e+01 8.767768595041321167e-02 2.963388429752066955e+00 1.000000000000000056e-01 -3.383178338808341332e-03 -1.025190917723332916e-03
9.300000000000000000e+01 8.938842975206612307e-02 3.051066115702480097e+00 1.000000000000000056e-01 -3.381137522481811059e-03 -1.025880920977584191e-03
9.400000000000000000e+01 9.111570247933882538e-02 3.140454545454546054e+00 1.000000000000000056e-01 -3.379096706155280353e-03 -1.026554992170088977e-03
9.500000000000000000e+01 9.285950413223140187e-02 3.231570247933885032e+00 1.000000000000000056e-01 -3.377055889828749647e-03 -1.027212387046786985e-03
9.600000000000000000e+01 9.461983471074381091e-02 3.324429752066116350e+00 1.000000000000000056e-01 -3.375015073502218941e-03 -1.027852405858351373e-03
9.700000000000000000e+01 9.639669421487601086e-02 3.419049586776860217e+00 1.000000000000000056e-01 -3.372974257175688668e-03 -1.028474393324050771e-03
9.800000000000000000e+01 9.819008264462809887e-02 3.515446280991736394e+00 1.000000000000000056e-01 -3.370933440849157962e-03 -1.029077738695160582e-03
9.900000000000000000e+01 1.000000000000000056e-01 3.613636363636364646e+00 1.000000000000000056e-01 -3.368892624522627256e-03 -1.029661875897752406e-03
1.000000000000000000e+02 9.999999999999998040e-04 3.713636363636364734e+00 1.000000000000000056e-01 -3.368892624522627256e-03 -1.030226283770232327e-03
1.010000000000000000e+02 3.999999999999999216e-03 3.714636363636364624e+00 1.000000000000000056e-01 -2.994571221797890943e-03 -1.030231340924147579e-03
1.020000000000000000e+02 9.000000000000001055e-03 3.718636363636364628e+00 1.000000000000000056e-01 -2.620249819073154629e-03 -1.068159892716608050e-03
1.030000000000000000e+02 1.599999999999999686e-02 3.727636363636364525e+00 1.000000000000000056e-01 -2.245928416348417882e-03 -1.164172031027236546e-03
1.040000000000000000e+02 2.500000000000000833e-02 3.743636363636364539e+00 1.000000000000000056e-01 -1.871607013623681785e-03 -1.322921397649646407e-03
1.050000000000000000e+02 3.600000000000000422e-02 3.768636363636364450e+00 1.000000000000000056e-01 -1.497285610898945471e-03 -1.546881547437583279e-03
1.060000000000000000e+02 4.900000000000000189e-02 3.804636363636364482e+00 1.000000000000000056e-01 -1.122964208174208941e-03 -1.835779941079518840e-03
1.070000000000000000e+02 6.400000000000001521e-02 3.853636363636364415e+00 1.000000000000000056e-01 -7.486428054494726272e-04 -2.186517649741667388e-03
1.080000000000000000e+02 8.100000000000001643e-02 3.917636363636364472e+00 1.000000000000000056e-01 -3.743214027247363136e-04 -2.594141160542033555e-03
1.090000000000000000e+02 1.000000000000000056e-01 3.998636363636364432e+00 1.000000000000000056e-01 0.000000000000000000e+00 -3.056076278437028226e-03
1.100000000000000000e+02 1.000000000000000056e-01 4.098636363636364521e+00 1.000000000000000056e-01 0.000000000000000000e+00 -3.589917443002021546e-03
1.110000000000000000e+02 2.640477531762450703e-01 4.198636363636364166e+00 1.000000000000000056e-01 0.000000000000000000e+00 -3.541691797328876123e-03
1.120000000000000000e+02 5.062091628953167000e-01 4.462684116812608792e+00 1.000000000000000056e-01 0.000000000000000000e+00 -3.488709038972922106e-03
1.130000000000000000e+02 8.264842291572147559e-01 4.968893279707925714e+00 1.000000000000000056e-01 0.000000000000000000e+00 -3.500280655031386481e-03
1.140000000000000000e+02 1.224872951961939460e+00 5.795377508865140470e+00 1.000000000000000056e-01 0.000000000000000000e+00 -3.572280888576836403e-03
1.150000000000000000e+02 1.701375331309490813e+00 7.020250460827080374e+00 1.000000000000000056e-01 0.000000000000000000e+00 -3.622740909446246771e-03
1.160000000000000000e+02 2.255991367199868591e+00 8.721625792136570965e+00 1.000000000000000056e-01 0.000000000000000000e+00 -3.583473022683398342e-03
1.170000000000000000e+02 2.888721059633073018e+00 1.097761715933643956e+01 1.000000000000000056e-01 0.000000000000000000e+00 -3.451521417338411588e-03
1.180000000000000000e+02 3.599564408609104316e+00 1.386633821896951346e+01 1.000000000000000056e-01 0.000000000000000000e+00 -3.269502515143129194e-03
1.190000000000000000e+02 4.388521414127962039e+00 1.746590262757861822e+01 1.000000000000000056e-01 0.000000000000000000e+00 -3.087443172186420982e-03
1.200000000000000000e+02 5.255592076189644857e+00 2.185442404170657937e+01 1.000000000000000056e-01 0.000000000000000000e+00 -2.940787336191317235e-03
1.210000000000000000e+02 6.200776394794156765e+00 2.711001611789622245e+01 1.000000000000000056e-01 0.000000000000000000e+00 -2.846439111210118458e-03
1.220000000000000000e+02 7.224074369941492435e+00 3.331079251269037655e+01 1.000000000000000056e-01 0.000000000000000000e+00 -2.807791842834482347e-03
1.230000000000000000e+02 8.325486001631658084e+00 4.053486688263186721e+01 1.000000000000000056e-01 0.000000000000000000e+00 -2.821175756629771408e-03
1.240000000000000000e+02 9.505011289864645718e+00 4.886035288426352707e+01 1.000000000000000056e-01 0.000000000000000000e+00 -2.880344594769737761e-03
1.250000000000000000e+02 1.076265023464046422e+01 5.836536417412817457e+01 1.000000000000000056e-01 0.000000000000000000e+00 -2.978674480230377331e-03
1.260000000000000000e+02 1.209840283595910648e+01 6.912801440876863523e+01 1.000000000000000056e-01 0.000000000000000000e+00 -3.109912200740198168e-03
1.270000000000000000e+02 1.351226909382057428e+01 8.122641724472774172e+01 1.000000000000000056e-01 0.000000000000000000e+00 -3.268293700453795900e-03
1.280000000000000000e+02 1.500424900822487295e+01 9.473868633854831955e+01 1.000000000000000056e-01 0.000000000000000000e+00 -3.448495667489757683e-03
1.290000000000000000e+02 1.657434257917199005e+01 1.097429353467731943e+02 1.000000000000000056e-01 0.000000000000000000e+00 -3.645594693307139828e-03
1.300000000000000000e+02 1.822254980666194157e+01 1.263172779259451772e+02 1.000000000000000056e-01 0.000000000000000000e+00 -3.855064207709080031e-03
1.310000000000000000e+02 1.994887069069471863e+01 1.445398277326071081e+02 1.000000000000000056e-01 0.000000000000000000e+00 -4.072792247690559461e-03
1.320000000000000000e+02 2.175330523127032478e+01 1.644886984233018268e+02 1.000000000000000056e-01 0.000000000000000000e+00 -4.295099543167354116e-03
1.330000000000000000e+02 2.363585342838875647e+01 1.862420036545721587e+02 1.000000000000000056e-01 0.000000000000000000e+00 -4.518746288212182986e-03
1.340000000000000000e+02 2.559651528205000659e+01 2.098778570829609293e+02 1.000000000000000056e-01 0.000000000000000000e+00 -4.740924581761856230e-03
1.350000000000000000e+02 2.763529079225408935e+01 2.354743723650109359e+02 1.000000000000000056e-01 0.000000000000000000e+00 -4.959238627100071017e-03
1.360000000000000000e+02 2.975217995900100121e+01 2.631096631572650040e+02 1.000000000000000056e-01 0.000000000000000000e+00 -5.171676745377668492e-03
1.370000000000000000e+02 3.194718278229072794e+01 2.928618431162660158e+02 1.000000000000000056e-01 0.000000000000000000e+00 -5.376579290963832275e-03
1.380000000000000000e+02 3.422029926212329087e+01 3.248090258985567402e+02 1.000000000000000056e-01 0.000000000000000000e+00 -5.572605697800678791e-03
1.390000000000000000e+02 3.657152939849868289e+01 3.590293251606800595e+02 1.000000000000000056e-01 0.000000000000000000e+00 -5.758702797599056337e-03
1.400000000000000000e+02 3.900087319141690045e+01 3.956008545591787424e+02 1.000000000000000056e-01 0.000000000000000000e+00 -5.934075570319079750e-03
1.410000000000000000e+02 4.150833064087793645e+01 4.346017277505956145e+02 1.000000000000000056e-01 0.000000000000000000e+00 -6.098160740856064035e-03
1.420000000000000000e+02 4.409390174688180508e+01 4.761100583914735580e+02 1.000000000000000056e-01 0.000000000000000000e+00 -6.250603135205460952e-03
1.430000000000000000e+02 4.675758650942850636e+01 5.202039601383553418e+02 1.000000000000000056e-01 0.000000000000000000e+00 -6.391234415940381941e-03
1.440000000000000000e+02 4.949938492851801897e+01 5.669615466477838481e+02 1.000000000000000056e-01 0.000000000000000000e+00 -6.520053679391932949e-03
1.450000000000000000e+02 5.231929700415037132e+01 6.164609315763018458e+02 1.000000000000000056e-01 0.000000000000000000e+00 -6.637209367991505141e-03
1.460000000000000000e+02 5.521732273632554922e+01 6.687802285804522171e+02 1.000000000000000056e-01 0.000000000000000000e+00 -6.742981994494137536e-03
1.470000000000000000e+02 5.819346212504355265e+01 7.239975513167777308e+02 1.000000000000000056e-01 0.000000000000000000e+00 -6.837767263995843219e-03
1.480000000000000000e+02 6.124771517030436740e+01 7.821910134418212692e+02 1.000000000000000056e-01 0.000000000000000000e+00 -6.922059297203226810e-03
1.490000000000000000e+02 6.438008187210802191e+01 8.434387286121256011e+02 1.000000000000000056e-01 0.000000000000000000e+00 -6.996433791136549320e-03
1.500000000000000000e+02 6.759056223045450906e+01 9.078188104842336088e+02 1.000000000000000056e-01 0.000000000000000000e+00 -7.061531090672787218e-03
1.510000000000000000e+02 7.087915624534379333e+01 9.754093727146880610e+02 1.000000000000000056e-01 0.000000000000000000e+00 -7.118039276032218400e-03
1.520000000000000000e+02 7.424586391677593156e+01 1.046288528960031954e+03 1.000000000000000056e-01 0.000000000000000000e+00 -7.166677487080894485e-03
1.530000000000000000e+02 7.769068524475089532e+01 1.120534392876807942e+03 1.000000000000000056e-01 0.000000000000000000e+00 -7.208179795254643710e-03
1.540000000000000000e+02 8.121362022926868462e+01 1.198225078121558909e+03 1.000000000000000056e-01 0.000000000000000000e+00 -7.243279990919894787e-03
1.550000000000000000e+02 8.481466887032929947e+01 1.279438698350827508e+03 1.000000000000000056e-01 0.000000000000000000e+00 -7.272697663468903791e-03
1.560000000000000000e+02 8.849383116793273985e+01 1.364253367221156850e+03 1.000000000000000056e-01 0.000000000000000000e+00 -7.297125949392490631e-03
1.570000000000000000e+02 9.225110712207897734e+01 1.452747198389089590e+03 1.000000000000000056e-01 0.000000000000000000e+00 -7.317221221293601120e-03
1.580000000000000000e+02 9.608649673276808301e+01 1.544998305511168610e+03 1.000000000000000056e-01 0.000000000000000000e+00 -7.333594943489018386e-03
1.590000000000000000e+02 1.000000000000000000e+02 1.641084802243936792e+03 1.000000000000000056e-01 0.000000000000000000e+00 -7.346807780055502300e-03
