0.000000000000000000e+00 9.999999999999998040e-04 0.000000000000000000e+00 0.000000000000000000e+00 -3.468892624522627085e-03 -3.903937418171154190e-17
1.000000000000000000e+00 1.277882797731568669e-03 9.999999999999998040e-04 2.631578947368420907e-02 -3.468892624522627085e-03 -3.903937418171154190e-17
2.000000000000000000e+00 1.589792060491492919e-03 2.277882797731568473e-03 5.263157894736841813e-02 -3.468892624522627085e-03 -1.805338926061704832e-04
3.000000000000000000e+00 1.935727788279773204e-03 3.867674858223061393e-03 7.894736842105262720e-02 -3.468892624522627085e-03 -2.284626511398626730e-04
4.000000000000000000e+00 2.315689981096408223e-03 5.803402646502834814e-03 1.052631578947368363e-01 -3.468892624522627085e-03 -2.231924386030817919e-04
5.000000000000000000e+00 2.729678638941398627e-03 8.119092627599243037e-03 1.315789473684210453e-01 -3.468892624522627085e-03 -1.947648033084695693e-04
6.000000000000000000e+00 3.177693761814745065e-03 1.084877126654064210e-02 1.578947368421052544e-01 -3.468892624522627085e-03 -1.560237778203356807e-04
7.000000000000000000e+00 3.659735349716446238e-03 1.402646502835538760e-02 1.842105263157894635e-01 -3.468892624522627085e-03 -1.128594639351537603e-04
8.000000000000000000e+00 4.175803402646502578e-03 1.768620037807183340e-02 2.105263157894736725e-01 -3.468892624522627085e-03 -6.805935705144936735e-05
9.000000000000000000e+00 4.725897920604914954e-03 2.186200378071833511e-02 2.368421052631578816e-01 -3.468892624522627085e-03 -2.293144896976006937e-05
1.000000000000000000e+01 5.310018903591681196e-03 2.658790170132325006e-02 2.631578947368420907e-01 -3.468892624522627085e-03 2.195180806551398083e-05
1.100000000000000000e+01 5.928166351606804774e-03 3.189792060491493386e-02 2.894736842105263275e-01 -3.468892624522627085e-03 6.638987745434018876e-05
1.200000000000000000e+01 6.580340264650282218e-03 3.782608695652173864e-02 3.157894736842105088e-01 -3.468892624522627085e-03 1.103672962543169450e-04
1.300000000000000000e+01 7.266540642722116132e-03 4.440642722117202346e-02 3.421052631578946901e-01 -3.468892624522627085e-03 1.539539067580350258e-04
1.400000000000000000e+01 7.986767485822306514e-03 5.167296786389413699e-02 3.684210526315789269e-01 -3.468892624522627085e-03 1.972501193793642740e-04
1.500000000000000000e+01 8.741020793950851631e-03 5.965973534971644177e-02 3.947368421052631637e-01 -3.468892624522627085e-03 2.403564872434771468e-04
1.600000000000000000e+01 9.529300567107750614e-03 6.840075614366729340e-02 4.210526315789473450e-01 -3.468892624522627085e-03 2.833569400928647895e-04
1.700000000000000000e+01 1.035160680529300693e-02 7.793005671077504748e-02 4.473684210526315264e-01 -3.468892624522627085e-03 3.263099952053252089e-04
1.800000000000000000e+01 1.120793950850661538e-02 8.828166351606805962e-02 4.736842105263157632e-01 -3.468892624522627085e-03 3.692448083155980667e-04
1.900000000000000000e+01 1.209829867674858291e-02 9.948960302457467153e-02 5.000000000000000000e-01 -3.468892624522627085e-03 4.121602721455255272e-04
2.000000000000000000e+01 1.302268431001890082e-02 1.115879017013232527e-01 5.000000000000000000e-01 -3.468892624522627085e-03 4.550260987015921233e-04
2.100000000000000000e+01 1.398109640831757955e-02 1.246105860113421587e-01 5.000000000000000000e-01 -3.458688542889973988e-03 4.706855577098389065e-04
2.200000000000000000e+01 1.497353497164461214e-02 1.385916824196597452e-01 5.000000000000000000e-01 -3.448484461257320891e-03 4.830498498112069622e-04
2.300000000000000000e+01 1.599999999999999686e-02 1.535652173913043539e-01 5.000000000000000000e-01 -3.438280379624667794e-03 4.935273492253497082e-04
2.400000000000000000e+01 1.706049149338374066e-02 1.695652173913043403e-01 5.000000000000000000e-01 -3.428076297992014698e-03 5.020475919087215126e-04
2.500000000000000000e+01 1.815500945179584352e-02 1.866257088846880741e-01 5.000000000000000000e-01 -3.417872216359361601e-03 5.085775140313089117e-04
2.600000000000000000e+01 1.928355387523629852e-02 2.047807183364839245e-01 5.000000000000000000e-01 -3.407668134726708938e-03 5.131199232516456309e-04
2.700000000000000000e+01 2.044612476370510912e-02 2.240642722117202335e-01 5.000000000000000000e-01 -3.397464053094055841e-03 5.157111016552363893e-04
2.800000000000000000e+01 2.164272211720227532e-02 2.445103969754253426e-01 5.000000000000000000e-01 -3.387259971461402744e-03 5.164176836182230368e-04
2.900000000000000000e+01 2.287334593572778671e-02 2.661531190926276214e-01 5.000000000000000000e-01 -3.377055889828749647e-03 5.153329336382529366e-04
3.000000000000000000e+01 2.413799621928166411e-02 2.890264650283553838e-01 5.000000000000000000e-01 -3.366851808196096550e-03 5.125725587298476374e-04
3.100000000000000000e+01 2.543667296786388671e-02 3.131644612476370271e-01 5.000000000000000000e-01 -3.356647726563443453e-03 5.082702003483386246e-04
3.200000000000000000e+01 2.676937618147447531e-02 3.386011342155009207e-01 5.000000000000000000e-01 -3.346443644930790356e-03 5.025727594134514606e-04
3.300000000000000000e+01 2.813610586011341605e-02 3.653705103969753787e-01 5.000000000000000000e-01 -3.336239563298137260e-03 4.956357127611300860e-04
3.400000000000000000e+01 2.953686200378071586e-02 3.935066162570887704e-01 5.000000000000000000e-01 -3.326035481665484163e-03 4.876185787297539990e-04
3.500000000000000000e+01 3.097164461247637127e-02 4.230434782608694655e-01 5.000000000000000000e-01 -3.315831400032831066e-03 4.786806808517333274e-04
3.600000000000000000e+01 3.244045368620038228e-02 4.540151228733458333e-01 5.000000000000000000e-01 -3.305627318400177969e-03 4.689773424663520765e-04
3.700000000000000000e+01 3.394328922495274542e-02 4.864555765595461878e-01 5.000000000000000000e-01 -3.295423236767524872e-03 4.586566208163513373e-04
3.800000000000000000e+01 3.548015122873346416e-02 5.203988657844988985e-01 5.000000000000000000e-01 -3.285219155134871775e-03 4.478566591967342021e-04
3.900000000000000000e+01 3.705103969754253851e-02 5.558790170132323905e-01 5.000000000000000000e-01 -3.275015073502219112e-03 4.367037015550498218e-04
4.000000000000000000e+01 3.865595463137994764e-02 5.929300567107749220e-01 5.000000000000000000e-01 -3.264810991869566015e-03 4.253107792854578110e-04
4.100000000000000000e+01 4.029489603024573319e-02 6.315860113421548627e-01 5.000000000000000000e-01 -3.254606910236912919e-03 4.137770462337289688e-04
4.200000000000000000e+01 4.196786389413988128e-02 6.718809073724005820e-01 5.000000000000000000e-01 -3.244402828604259822e-03 4.021877090756934285e-04
4.300000000000000000e+01 4.367485822306237803e-02 7.138487712665404494e-01 5.000000000000000000e-01 -3.234198746971606725e-03 3.906144763768790358e-04
4.400000000000000000e+01 4.541587901701323038e-02 7.575236294896028344e-01 5.000000000000000000e-01 -3.223994665338953628e-03 3.791164339264272679e-04
4.500000000000000000e+01 4.719092627599243833e-02 8.029395085066161064e-01 5.000000000000000000e-01 -3.213790583706300531e-03 3.677412445699457179e-04
4.600000000000000000e+01 4.900000000000000189e-02 8.501304347826085239e-01 5.000000000000000000e-01 -3.203586502073647434e-03 3.565265691607129393e-04
4.700000000000000000e+01 5.084310018903592104e-02 8.991304347826085674e-01 5.000000000000000000e-01 -3.193382420440994338e-03 3.455016095076299254e-04
4.800000000000000000e+01 5.272022684310019580e-02 9.499735349716444954e-01 5.000000000000000000e-01 -3.183178338808341241e-03 3.346886838372865793e-04
4.900000000000000000e+01 5.463137996219282616e-02 1.002693761814744677e+00 5.000000000000000000e-01 -3.172974257175688144e-03 3.241047576297597364e-04
5.000000000000000000e+01 5.657655954631381212e-02 1.057325141776937594e+00 5.000000000000000000e-01 -3.162770175543035481e-03 3.137628684342498955e-04
5.100000000000000000e+01 5.855576559546312593e-02 1.113901701323251503e+00 5.000000000000000000e-01 -3.152566093910381950e-03 3.036733984371221807e-04
5.200000000000000000e+01 6.056899810964082309e-02 1.172457466918714664e+00 5.000000000000000000e-01 -3.142362012277729287e-03 2.938451644591103819e-04
5.300000000000000000e+01 6.261625708884686892e-02 1.233026465028355556e+00 5.000000000000000000e-01 -3.132157930645076190e-03 2.842863089844828786e-04
5.400000000000000000e+01 6.469754253308128422e-02 1.295642722117202439e+00 5.000000000000000000e-01 -3.121953849012423093e-03 2.750049884853150023e-04
5.500000000000000000e+01 6.681285444234404125e-02 1.360340264650283792e+00 5.000000000000000000e-01 -3.111749767379769997e-03 2.660098650931352502e-04
5.600000000000000000e+01 6.896219281663515388e-02 1.427153119092627875e+00 5.000000000000000000e-01 -3.101545685747116900e-03 2.573104162158202876e-04
5.700000000000000000e+01 7.114555765595463599e-02 1.496115311909262946e+00 5.000000000000000000e-01 -3.091341604114463803e-03 2.489170813755846854e-04
5.800000000000000000e+01 7.336294896030245982e-02 1.567260869565217485e+00 5.000000000000000000e-01 -3.081137522481810706e-03 2.408412699268398522e-04
5.900000000000000000e+01 7.561436672967863926e-02 1.640623818525519972e+00 5.000000000000000000e-01 -3.070933440849157609e-03 2.330952541989217896e-04
6.000000000000000000e+01 7.789981096408318817e-02 1.716238185255198667e+00 5.000000000000000000e-01 -3.060729359216504512e-03 2.256919735720550643e-04
6.100000000000000000e+01 8.021928166351605105e-02 1.794137996219281828e+00 5.000000000000000000e-01 -3.050525277583851416e-03 2.186447731389996418e-04
6.200000000000000000e+01 8.257277882797729729e-02 1.874357277882797934e+00 5.000000000000000000e-01 -3.040321195951198319e-03 2.119670996319023091e-04
6.300000000000000000e+01 8.496030245746689913e-02 1.956930056710775245e+00 5.000000000000000000e-01 -3.030117114318545656e-03 2.056721741023195078e-04
6.400000000000000000e+01 8.738185255198487045e-02 2.041890359168242242e+00 5.000000000000000000e-01 -3.019913032685892559e-03 1.997726587624385581e-04
6.500000000000000000e+01 8.983742911153118349e-02 2.129272211720226959e+00 5.000000000000000000e-01 -3.009708951053239462e-03 1.942803322375349993e-04
6.600000000000000000e+01 9.232703213610585213e-02 2.219109640831758323e+00 5.000000000000000000e-01 -2.999504869420586365e-03 1.892057847984522331e-04
6.700000000000000000e+01 9.485066162570887638e-02 2.311436672967864148e+00 5.000000000000000000e-01 -2.989300787787933268e-03 1.845581426612224389e-04
6.800000000000000000e+01 9.740831758034027010e-02 2.406287334593573135e+00 5.000000000000000000e-01 -2.979096706155280171e-03 1.803448277403779556e-04
6.900000000000000000e+01 1.000000000000000056e-01 2.503695652173913544e+00 5.000000000000000000e-01 -2.968892624522627074e-03 1.765713576144872993e-04
7.000000000000000000e+01 9.999999999999998040e-04 2.603695652173913633e+00 5.000000000000000000e-01 -2.968892624522627074e-03 1.732411879745268711e-04
7.100000000000000000e+01 2.171745152354570899e-03 2.604695652173913523e+00 5.000000000000000000e-01 -2.812635117968804825e-03 1.732000028578915580e-04
7.200000000000000000e+01 3.792243767313019376e-03 2.606867397326268154e+00 5.000000000000000000e-01 -2.656377611414982142e-03 1.906204664219378168e-04
7.300000000000000000e+01 5.861495844875345453e-03 2.610659641093580952e+00 5.000000000000000000e-01 -2.500120104861159459e-03 2.154806596731869426e-04
7.400000000000000000e+01 8.379501385041551731e-03 2.616521136938456227e+00 5.000000000000000000e-01 -2.343862598307337210e-03 2.440969333032036979e-04
7.500000000000000000e+01 1.134626038781163561e-02 2.624900638323497848e+00 5.000000000000000000e-01 -2.187605091753514960e-03 2.722888234814973803e-04
7.600000000000000000e+01 1.476177285318559448e-02 2.636246898711309683e+00 5.000000000000000000e-01 -2.031347585199692277e-03 2.960659126497462820e-04
7.700000000000000000e+01 1.862603878116343703e-02 2.651008671564495156e+00 5.000000000000000000e-01 -1.875090078645869811e-03 3.123566079196035076e-04
7.800000000000000000e+01 2.293905817174515804e-02 2.669634710345658579e+00 5.000000000000000000e-01 -1.718832572092047345e-03 3.196062907073782028e-04
7.900000000000000000e+01 2.770083102493075405e-02 2.692573768517403821e+00 5.000000000000000000e-01 -1.562575065538224879e-03 3.180964006950134362e-04
8.000000000000000000e+01 3.291135734072023200e-02 2.720274599542334748e+00 5.000000000000000000e-01 -1.406317558984402413e-03 3.099177246776063286e-04
8.100000000000000000e+01 3.857063711911358495e-02 2.753185956883054786e+00 5.000000000000000000e-01 -1.250060052430579946e-03 2.986291680875024297e-04
8.200000000000000000e+01 4.467867036011079207e-02 2.791756594002168246e+00 5.000000000000000000e-01 -1.093802545876757480e-03 2.887077062745710800e-04
8.300000000000000000e+01 5.123545706371190195e-02 2.836435264362278996e+00 5.000000000000000000e-01 -9.375450393229352308e-04 2.849228833799024923e-04
8.400000000000000000e+01 5.824099722991689376e-02 2.887670721425990905e+00 5.000000000000000000e-01 -7.812875327691125478e-04 2.917562025398267645e-04
8.500000000000000000e+01 6.569529085872576057e-02 2.945911718655907841e+00 5.000000000000000000e-01 -6.250300262152898648e-04 3.129515762129569663e-04
8.600000000000000000e+01 7.359833795013849544e-02 3.011607009514633670e+00 5.000000000000000000e-01 -4.687725196614676154e-04 3.512434423258686388e-04
8.700000000000000000e+01 8.195013850415512613e-02 3.085205347464772263e+00 5.000000000000000000e-01 -3.125150131076453661e-04 4.082706765525246349e-04
8.800000000000000000e+01 9.075069252077562487e-02 3.167155485968927486e+00 5.000000000000000000e-01 -1.562575065538226830e-04 4.846499424168642474e-04
8.900000000000000000e+01 1.000000000000000056e-01 3.257906178489703208e+00 5.000000000000000000e-01 0.000000000000000000e+00 5.801564256933453402e-04
9.000000000000000000e+01 1.000000000000000056e-01 3.357906178489703297e+00 5.000000000000000000e-01 0.000000000000000000e+00 6.939484991469010077e-04
9.100000000000000000e+01 9.122865472719698943e-01 3.457906178489703386e+00 5.000000000000000000e-01 0.000000000000000000e+00 6.510478487202126831e-04
9.200000000000000000e+01 2.540982923781757830e+00 4.370192725761673280e+00 5.000000000000000000e-01 0.000000000000000000e+00 9.151022470178503962e-04
9.300000000000000000e+01 4.986089129529362118e+00 6.911175649543430666e+00 5.000000000000000000e-01 0.000000000000000000e+00 1.345536091942062078e-03
9.400000000000000000e+01 8.247605164514785869e+00 1.189726477907279190e+01 5.000000000000000000e-01 0.000000000000000000e+00 1.482582691930592333e-03
9.500000000000000000e+01 1.232553102873802686e+01 2.014486994358757954e+01 5.000000000000000000e-01 0.000000000000000000e+00 1.426356761145540627e-03
9.600000000000000000e+01 1.721986672219908243e+01 3.247040097232560640e+01 5.000000000000000000e-01 0.000000000000000000e+00 1.351130423437007979e-03
9.700000000000000000e+01 2.293061224489796146e+01 4.969026769452469239e+01 5.000000000000000000e-01 0.000000000000000000e+00 1.288377456087901225e-03
9.800000000000000000e+01 2.945776759683464974e+01 7.262087993942265030e+01 5.000000000000000000e-01 0.000000000000000000e+00 1.229357009651600198e-03
9.900000000000000000e+01 3.680133277800915437e+01 1.020786475362573071e+02 5.000000000000000000e-01 0.000000000000000000e+00 1.173300236561470450e-03
1.000000000000000000e+02 4.496130778842149311e+01 1.388799803142664473e+02 5.000000000000000000e-01 0.000000000000000000e+00 1.123885983060340845e-03
1.010000000000000000e+02 5.393769262807163045e+01 1.838412881026879404e+02 5.000000000000000000e-01 0.000000000000000000e+00 1.083206073043439105e-03
1.020000000000000000e+02 6.373048729695958770e+01 2.377789807307595709e+02 5.000000000000000000e-01 0.000000000000000000e+00 1.051123496463651167e-03
1.030000000000000000e+02 7.433969179508534353e+01 3.015094680277191515e+02 5.000000000000000000e-01 0.000000000000000000e+00 1.026423557143003439e-03
1.040000000000000000e+02 8.576530612244897611e+01 3.758491598228044950e+02 5.000000000000000000e-01 0.000000000000000000e+00 1.007690008319914957e-03
1.050000000000000000e+02 9.800733027905037886e+01 4.616144659452534711e+02 5.000000000000000000e-01 0.000000000000000000e+00 9.936531826621982418e-04
1.060000000000000000e+02 1.110657642648896086e+02 5.596217962243038073e+02 5.000000000000000000e-01 0.000000000000000000e+00 9.832566500070944338e-04
1.070000000000000000e+02 1.249406080799666370e+02 6.706875604891934017e+02 5.000000000000000000e-01 0.000000000000000000e+00 9.756352923156102813e-04
1.080000000000000000e+02 1.396318617242814923e+02 7.956281685691600387e+02 5.000000000000000000e-01 0.000000000000000000e+00 9.700918264958517580e-04
1.090000000000000000e+02 1.551395251978342174e+02 9.352600302934415595e+02 5.000000000000000000e-01 0.000000000000000000e+00 9.660777358621553627e-04
1.100000000000000000e+02 1.714635985006247267e+02 1.090399555491275805e+03 5.000000000000000000e-01 0.000000000000000000e+00 9.631760494923925471e-04
1.110000000000000000e+02 1.886040816326530205e+02 1.261863153991900617e+03 5.000000000000000000e-01 0.000000000000000000e+00 9.610801947454371231e-04
1.120000000000000000e+02 2.065609745939191555e+02 1.450467235624553723e+03 5.000000000000000000e-01 0.000000000000000000e+00 9.595699439177218315e-04
1.130000000000000000e+02 2.253342773844231033e+02 1.657028210218472850e+03 5.000000000000000000e-01 0.000000000000000000e+00 9.584881660549038384e-04
1.140000000000000000e+02 2.449239900041648639e+02 1.882362487602895953e+03 5.000000000000000000e-01 0.000000000000000000e+00 9.577215810121093289e-04
1.150000000000000000e+02 2.653301124531445225e+02 2.127286477607060988e+03 5.000000000000000000e-01 0.000000000000000000e+00 9.571867797539512475e-04
1.160000000000000000e+02 2.865526447313618519e+02 2.392616590060205453e+03 5.000000000000000000e-01 0.000000000000000000e+00 9.568210567525110627e-04
1.170000000000000000e+02 3.085915868388171361e+02 2.679169234791567305e+03 5.000000000000000000e-01 0.000000000000000000e+00 9.565767565147705303e-04
1.180000000000000000e+02 3.314469387755102048e+02 2.987760821630384271e+03 5.000000000000000000e-01 0.000000000000000000e+00 9.564177601654096647e-04
1.190000000000000000e+02 3.551187005414410578e+02 3.319207760405894533e+03 5.000000000000000000e-01 0.000000000000000000e+00 9.563171345543689883e-04
1.200000000000000000e+02 3.796068721366096952e+02 3.674326460947335363e+03 5.000000000000000000e-01 0.000000000000000000e+00 9.562552832193021079e-04
1.210000000000000000e+02 4.049114535610161738e+02 4.053933333083944945e+03 5.000000000000000000e-01 0.000000000000000000e+00 9.562183899027588410e-04
1.220000000000000000e+02 4.310324448146604936e+02 4.458844786644961459e+03 5.000000000000000000e-01 0.000000000000000000e+00 9.561970453815037780e-04
1.230000000000000000e+02 4.579698458975425979e+02 4.889877231459621726e+03 5.000000000000000000e-01 0.000000000000000000e+00 9.561850711693900638e-04
1.240000000000000000e+02 4.857236568096625433e+02 5.347847077357164380e+03 5.000000000000000000e-01 0.000000000000000000e+00 9.561785581949169572e-04
1.250000000000000000e+02 5.142938775510202731e+02 5.833570734166826696e+03 5.000000000000000000e-01 0.000000000000000000e+00 9.561751235324571305e-04
1.260000000000000000e+02 5.436805081216158442e+02 6.347864611717846856e+03 5.000000000000000000e-01 0.000000000000000000e+00 9.561733673052568968e-04
1.270000000000000000e+02 5.738835485214492564e+02 6.891545119839463041e+03 5.000000000000000000e-01 0.000000000000000000e+00 9.561724964668303533e-04
1.280000000000000000e+02 6.049029987505206236e+02 7.465428668360912525e+03 5.000000000000000000e-01 0.000000000000000000e+00 9.561720776937929472e-04
1.290000000000000000e+02 6.367388588088296046e+02 8.070331667111433489e+03 5.000000000000000000e-01 0.000000000000000000e+00 9.561718823468636679e-04
1.300000000000000000e+02 6.693911286963764269e+02 8.707070525920262298e+03 5.000000000000000000e-01 0.000000000000000000e+00 9.561717939454969289e-04
1.310000000000000000e+02 7.028598084131610904e+02 9.376461654616638043e+03 5.000000000000000000e-01 0.000000000000000000e+00 9.561717551358197772e-04
1.320000000000000000e+02 7.371448979591835950e+02 1.007932146302979891e+04 5.000000000000000000e-01 0.000000000000000000e+00 9.561717385915926345e-04
1.330000000000000000e+02 7.722463973344438273e+02 1.081646636098898307e+04 5.000000000000000000e-01 0.000000000000000000e+00 9.561717317439158035e-04
1.340000000000000000e+02 8.081643065389420144e+02 1.158871275832342690e+04 5.000000000000000000e-01 0.000000000000000000e+00 9.561717290030082592e-04
1.350000000000000000e+02 8.448986255726779291e+02 1.239687706486236857e+04 5.000000000000000000e-01 0.000000000000000000e+00 9.561717279236461820e-04
1.360000000000000000e+02 8.824493544356515713e+02 1.324177569043504627e+04 5.000000000000000000e-01 0.000000000000000000e+00 9.561717275088062531e-04
1.370000000000000000e+02 9.208164931278631684e+02 1.412422504487069818e+04 5.000000000000000000e-01 0.000000000000000000e+00 9.561717273745274888e-04
1.380000000000000000e+02 9.600000416493124931e+02 1.504504153799856067e+04 5.000000000000000000e-01 0.000000000000000000e+00 9.561717273139921447e-04
1.390000000000000000e+02 1.000000000000000000e+03 1.600504157964787373e+04 5.000000000000000000e-01 0.000000000000000000e+00 9.561717272937290566e-04
