0.000000000000000000e+00 9.999999999999998040e-04 0.000000000000000000e+00 0.000000000000000000e+00 -3.468892624522627085e-03 -1.387778780781445367e-17
1.000000000000000000e+00 1.328353921286986152e-03 9.999999999999998040e-04 1.111111111111111154e-02 -3.468892624522627085e-03 -1.387778780781445367e-17
2.000000000000000000e+00 1.703246193622522152e-03 2.328353921286985956e-03 2.222222222222222307e-02 -3.468892624522627085e-03 1.177751914052480115e-05
3.000000000000000000e+00 2.124676817006607155e-03 4.031600114909507891e-03 3.333333333333333287e-02 -3.468892624522627085e-03 1.962347479813884616e-05
4.000000000000000000e+00 2.592645791439241593e-03 6.156276931916115046e-03 4.444444444444444614e-02 -3.468892624522627085e-03 1.775065462331749884e-05
5.000000000000000000e+00 3.107153116920425250e-03 8.748922723355357506e-03 5.555555555555555941e-02 -3.468892624522627085e-03 7.859990572588096058e-06
6.000000000000000000e+00 3.668198793450157692e-03 1.185607584027578362e-02 6.666666666666666574e-02 -3.468892624522627085e-03 -7.836264985484715640e-06
7.000000000000000000e+00 4.275782821028440220e-03 1.552427463372594088e-02 7.777777777777777901e-02 -3.468892624522627085e-03 -2.760817693224704560e-05
8.000000000000000000e+00 4.929905199655270666e-03 1.980005745475438284e-02 8.888888888888889228e-02 -3.468892624522627085e-03 -5.021368521243743086e-05
9.000000000000000000e+00 5.630565929330651198e-03 2.472996265440965263e-02 1.000000000000000056e-01 -3.468892624522627085e-03 -7.477430174109876769e-05
1.000000000000000000e+01 6.377765010054581817e-03 3.036052858374030383e-02 1.000000000000000056e-01 -3.468892624522627085e-03 -1.006674674111208387e-04
1.100000000000000000e+01 7.171502441827059919e-03 3.673829359379488652e-02 1.000000000000000056e-01 -3.466851808196096379e-03 -1.007967889760593729e-04
1.200000000000000000e+01 8.011778224648088975e-03 4.390979603562194383e-02 1.000000000000000056e-01 -3.464810991869565673e-03 -1.009548802576448067e-04
1.300000000000000000e+01 8.898592358517667250e-03 5.192157426027003281e-02 1.000000000000000056e-01 -3.462770175543035400e-03 -1.011352941593034421e-04
1.400000000000000000e+01 9.831944843435795611e-03 6.082016661878769659e-02 1.000000000000000056e-01 -3.460729359216504694e-03 -1.013401061777844894e-04
1.500000000000000000e+01 1.081183567940246885e-02 7.065211146222349914e-02 1.000000000000000056e-01 -3.458688542889973988e-03 -1.015714772390613870e-04
1.600000000000000000e+01 1.183826486641769565e-02 8.146394714162596973e-02 1.000000000000000056e-01 -3.456647726563443282e-03 -1.018316378220058177e-04
1.700000000000000000e+01 1.291123240448147080e-02 9.330221200804367232e-02 1.000000000000000056e-01 -3.454606910236913010e-03 -1.021228684319921802e-04
1.800000000000000000e+01 1.403073829359379431e-02 1.062134444125251431e-01 1.000000000000000056e-01 -3.452566093910382303e-03 -1.024474765574312431e-04
1.900000000000000000e+01 1.519678253375466789e-02 1.202441827061189322e-01 1.000000000000000056e-01 -3.450525277583851597e-03 -1.028077704004025367e-04
2.000000000000000000e+01 1.640936512496409677e-02 1.354409652398735897e-01 1.000000000000000056e-01 -3.448484461257320891e-03 -1.032060296961501486e-04
2.100000000000000000e+01 1.766848606722205839e-02 1.518503303648376934e-01 1.000000000000000056e-01 -3.446443644930790185e-03 -1.036444741584883914e-04
2.200000000000000000e+01 1.897414536052858397e-02 1.695188164320597379e-01 1.000000000000000056e-01 -3.444402828604259913e-03 -1.041252300215450072e-04
2.300000000000000000e+01 2.032634300488365964e-02 1.884929617925883150e-01 1.000000000000000056e-01 -3.442362012277729207e-03 -1.046502953165249193e-04
2.400000000000000000e+01 2.172507900028726804e-02 2.088193047974719607e-01 1.000000000000000056e-01 -3.440321195951198500e-03 -1.052215045451896730e-04
2.500000000000000000e+01 2.317035334673944041e-02 2.305443837977592392e-01 1.000000000000000056e-01 -3.438280379624667794e-03 -1.058404934574343952e-04
2.600000000000000000e+01 2.466216604424016634e-02 2.537147371444986588e-01 1.000000000000000056e-01 -3.436239563298137522e-03 -1.065086646124272033e-04
2.700000000000000000e+01 2.620051709278942154e-02 2.783769031887388112e-01 1.000000000000000056e-01 -3.434198746971606816e-03 -1.072271545280768665e-04
2.800000000000000000e+01 2.778540649238724417e-02 3.045774202815282328e-01 1.000000000000000056e-01 -3.432157930645076110e-03 -1.079968030649774058e-04
2.900000000000000000e+01 2.941683424303361688e-02 3.323628267739154873e-01 1.000000000000000056e-01 -3.430117114318545404e-03 -1.088181258442836978e-04
3.000000000000000000e+01 3.109480034472851886e-02 3.617796610169490834e-01 1.000000000000000056e-01 -3.428076297992015131e-03 -1.096912903049997835e-04
3.100000000000000000e+01 3.281930479747199175e-02 3.928744613616775849e-01 1.000000000000000056e-01 -3.426035481665484425e-03 -1.106160961648189187e-04
3.200000000000000000e+01 3.459034760126401126e-02 4.256937661591495559e-01 1.000000000000000056e-01 -3.423994665338953719e-03 -1.115919607643248103e-04
3.300000000000000000e+01 3.640792875610456003e-02 4.602841137604135602e-01 1.000000000000000056e-01 -3.421953849012423013e-03 -1.126179099691000131e-04
3.400000000000000000e+01 3.827204826199367971e-02 4.966920425165181063e-01 1.000000000000000056e-01 -3.419913032685892307e-03 -1.136925749444525158e-04
3.500000000000000000e+01 4.018270611893134947e-02 5.349640907785118138e-01 1.000000000000000056e-01 -3.417872216359362034e-03 -1.148141952659075037e-04
3.600000000000000000e+01 4.213990232691754156e-02 5.751467968974431910e-01 1.000000000000000056e-01 -3.415831400032831328e-03 -1.159806284783808800e-04
3.700000000000000000e+01 4.414363688595231150e-02 6.172866992243607465e-01 1.000000000000000056e-01 -3.413790583706300622e-03 -1.171893662028381059e-04
3.800000000000000000e+01 4.619390979603562458e-02 6.614303361103130996e-01 1.000000000000000056e-01 -3.411749767379769916e-03 -1.184375566417618500e-04
3.900000000000000000e+01 4.829072105716746693e-02 7.076242459063487589e-01 1.000000000000000056e-01 -3.409708951053239644e-03 -1.197220331867931742e-04
4.000000000000000000e+01 5.043407066934788713e-02 7.559149669635162327e-01 1.000000000000000056e-01 -3.407668134726708938e-03 -1.210393485568819023e-04
4.100000000000000000e+01 5.262395863257685047e-02 8.063490376328641407e-01 1.000000000000000056e-01 -3.405627318400178231e-03 -1.223858138194862486e-04
4.200000000000000000e+01 5.486038494685434308e-02 8.589729962654409912e-01 1.000000000000000056e-01 -3.403586502073647525e-03 -1.237575413759694728e-04
4.300000000000000000e+01 5.714334961218040659e-02 9.138333812122952926e-01 1.000000000000000056e-01 -3.401545685747116819e-03 -1.251504908547496206e-04
4.400000000000000000e+01 5.947285262855502019e-02 9.709767308244756645e-01 1.000000000000000056e-01 -3.399504869420586547e-03 -1.265605168420044779e-04
4.500000000000000000e+01 6.184889399597815612e-02 1.030449583453030726e+00 1.000000000000000056e-01 -3.397464053094055841e-03 -1.279834171042516073e-04
4.600000000000000000e+01 6.427147371444986990e-02 1.092298477449008987e+00 1.000000000000000056e-01 -3.395423236767525135e-03 -1.294149802286510202e-04
4.700000000000000000e+01 6.674059178397012682e-02 1.156569951163458843e+00 1.000000000000000056e-01 -3.393382420440994428e-03 -1.308510313597328694e-04
4.800000000000000000e+01 6.925624820453890607e-02 1.223310542947428914e+00 1.000000000000000056e-01 -3.391341604114464156e-03 -1.322874749775200726e-04
4.900000000000000000e+01 7.181844297615627704e-02 1.292566791151967820e+00 1.000000000000000056e-01 -3.389300787787933450e-03 -1.337203337494399910e-04
5.000000000000000000e+01 7.442717609882218421e-02 1.364385234128124180e+00 1.000000000000000056e-01 -3.387259971461402744e-03 -1.351457825885427782e-04
5.100000000000000000e+01 7.708244757253664148e-02 1.438812410226946392e+00 1.000000000000000056e-01 -3.385219155134872038e-03 -1.365601773110535150e-04
5.200000000000000000e+01 7.978425739729962107e-02 1.515894857799483075e+00 1.000000000000000056e-01 -3.383178338808341332e-03 -1.379600774685854614e-04
5.300000000000000000e+01 8.253260557311117851e-02 1.595679115196782627e+00 1.000000000000000056e-01 -3.381137522481811059e-03 -1.393422631229108651e-04
5.400000000000000000e+01 8.532749209997125828e-02 1.678211720769893889e+00 1.000000000000000056e-01 -3.379096706155280353e-03 -1.407037455414180413e-04
5.500000000000000000e+01 8.816891697787991589e-02 1.763539212869865036e+00 1.000000000000000056e-01 -3.377055889828749647e-03 -1.420417719747675350e-04
5.600000000000000000e+01 9.105688020683712358e-02 1.851708129847744910e+00 1.000000000000000056e-01 -3.375015073502218941e-03 -1.433538248960095800e-04
5.700000000000000000e+01 9.399138178684283973e-02 1.942765010054582131e+00 1.000000000000000056e-01 -3.372974257175688668e-03 -1.446376161150968252e-04
5.800000000000000000e+01 9.697242171789714760e-02 2.036756391841425096e+00 1.000000000000000056e-01 -3.370933440849157962e-03 -1.458910764494277239e-04
5.900000000000000000e+01 1.000000000000000056e-01 2.133728813559322202e+00 1.000000000000000056e-01 -3.368892624522627256e-03 -1.471123416070625127e-04
6.000000000000000000e+01 9.999999999999998040e-04 2.233728813559322290e+00 1.000000000000000056e-01 -3.368892624522627256e-03 -1.482997350293968424e-04
6.100000000000000000e+01 3.999999999999999216e-03 2.234728813559322180e+00 1.000000000000000056e-01 -2.994571221797890943e-03 -1.483111861652012121e-04
6.200000000000000000e+01 9.000000000000001055e-03 2.238728813559322184e+00 1.000000000000000056e-01 -2.620249819073154629e-03 -1.662323581077019565e-04
6.300000000000000000e+01 1.599999999999999686e-02 2.247728813559322081e+00 1.000000000000000056e-01 -2.245928416348417882e-03 -2.064731759085071210e-04
6.400000000000000000e+01 2.500000000000000833e-02 2.263728813559322095e+00 1.000000000000000056e-01 -1.871607013623681785e-03 -2.722977573149907866e-04
6.500000000000000000e+01 3.600000000000000422e-02 2.288728813559322006e+00 1.000000000000000056e-01 -1.497285610898945471e-03 -3.678637814398301193e-04
6.600000000000000000e+01 4.900000000000000189e-02 2.324728813559322038e+00 1.000000000000000056e-01 -1.122964208174208941e-03 -4.990398532647569770e-04
6.700000000000000000e+01 6.400000000000001521e-02 2.373728813559321971e+00 1.000000000000000056e-01 -7.486428054494726272e-04 -6.754187082714799891e-04
6.800000000000000000e+01 8.100000000000001643e-02 2.437728813559322028e+00 1.000000000000000056e-01 -3.743214027247363136e-04 -9.153931696692128384e-04
6.900000000000000000e+01 1.000000000000000056e-01 2.518728813559321988e+00 1.000000000000000056e-01 0.000000000000000000e+00 -1.259899746269330274e-03
7.000000000000000000e+01 1.000000000000000056e-01 2.618728813559322077e+00 1.000000000000000056e-01 0.000000000000000000e+00 -1.815782492323107788e-03
7.100000000000000000e+01 2.640477531762450703e-01 2.718728813559322166e+00 1.000000000000000056e-01 0.000000000000000000e+00 -1.788593930002580152e-03
7.200000000000000000e+01 5.062091628953167000e-01 2.982776566735567236e+00 1.000000000000000056e-01 0.000000000000000000e+00 -1.704902786329560820e-03
7.300000000000000000e+01 8.264842291572147559e-01 3.488985729630884158e+00 1.000000000000000056e-01 0.000000000000000000e+00 -1.579967345166734868e-03
7.400000000000000000e+01 1.224872951961939460e+00 4.315469958788098914e+00 1.000000000000000056e-01 0.000000000000000000e+00 -1.452091420022979910e-03
7.500000000000000000e+01 1.701375331309490813e+00 5.540342910750037930e+00 1.000000000000000056e-01 0.000000000000000000e+00 -1.305576843196800708e-03
7.600000000000000000e+01 2.255991367199868591e+00 7.241718242059528521e+00 1.000000000000000056e-01 0.000000000000000000e+00 -1.090484750091481837e-03
7.700000000000000000e+01 2.888721059633073018e+00 9.497709609259397112e+00 1.000000000000000056e-01 0.000000000000000000e+00 -7.900529304239741575e-04
7.800000000000000000e+01 3.599564408609104316e+00 1.238643066889246924e+01 1.000000000000000056e-01 0.000000000000000000e+00 -4.347021427709242872e-04
7.900000000000000000e+01 4.388521414127962039e+00 1.598599507750157400e+01 1.000000000000000056e-01 0.000000000000000000e+00 -7.161336179779514001e-05
8.000000000000000000e+01 5.255592076189644857e+00 2.037451649162953515e+01 1.000000000000000056e-01 0.000000000000000000e+00 2.620508801506989051e-04
8.100000000000000000e+01 6.200776394794156765e+00 2.563010856781917823e+01 1.000000000000000056e-01 0.000000000000000000e+00 5.467326206240414937e-04
8.200000000000000000e+01 7.224074369941492435e+00 3.183088496261333589e+01 1.000000000000000056e-01 0.000000000000000000e+00 7.768406032880238081e-04
8.300000000000000000e+01 8.325486001631658084e+00 3.905495933255483010e+01 1.000000000000000056e-01 0.000000000000000000e+00 9.548106614765885115e-04
8.400000000000000000e+01 9.505011289864645718e+00 4.738044533418648996e+01 1.000000000000000056e-01 0.000000000000000000e+00 1.086538487504207532e-03
8.500000000000000000e+01 1.076265023464046422e+01 5.688545662405113745e+01 1.000000000000000056e-01 0.000000000000000000e+00 1.178775230021250056e-03
8.600000000000000000e+01 1.209840283595910648e+01 6.764810685869160523e+01 1.000000000000000056e-01 0.000000000000000000e+00 1.237893315726836712e-03
8.700000000000000000e+01 1.351226909382057428e+01 7.974650969465071171e+01 1.000000000000000056e-01 0.000000000000000000e+00 1.269450904610600062e-03
8.800000000000000000e+01 1.500424900822487295e+01 9.325877878847128954e+01 1.000000000000000056e-01 0.000000000000000000e+00 1.278141403633334004e-03
8.900000000000000000e+01 1.657434257917199005e+01 1.082630277966961643e+02 1.000000000000000056e-01 0.000000000000000000e+00 1.267892618597823203e-03
9.000000000000000000e+01 1.822254980666194157e+01 1.248373703758681472e+02 1.000000000000000056e-01 0.000000000000000000e+00 1.242011460796168263e-03
9.100000000000000000e+01 1.994887069069471863e+01 1.430599201825300781e+02 1.000000000000000056e-01 0.000000000000000000e+00 1.203316682979701938e-03
9.200000000000000000e+01 2.175330523127032478e+01 1.630087908732247968e+02 1.000000000000000056e-01 0.000000000000000000e+00 1.154248866625423846e-03
9.300000000000000000e+01 2.363585342838875647e+01 1.847620961044951287e+02 1.000000000000000056e-01 0.000000000000000000e+00 1.096953140165656546e-03
9.400000000000000000e+01 2.559651528205000659e+01 2.083979495328838993e+02 1.000000000000000056e-01 0.000000000000000000e+00 1.033338048690017694e-03
9.500000000000000000e+01 2.763529079225408935e+01 2.339944648149339059e+02 1.000000000000000056e-01 0.000000000000000000e+00 9.651153214669456245e-04
9.600000000000000000e+01 2.975217995900100121e+01 2.616297556071879740e+02 1.000000000000000056e-01 0.000000000000000000e+00 8.938253015114842924e-04
9.700000000000000000e+01 3.194718278229072794e+01 2.913819355661889858e+02 1.000000000000000056e-01 0.000000000000000000e+00 8.208522011436857535e-04
9.800000000000000000e+01 3.422029926212329087e+01 3.233291183484797102e+02 1.000000000000000056e-01 0.000000000000000000e+00 7.474325832058760846e-04
9.900000000000000000e+01 3.657152939849868289e+01 3.575494176106029727e+02 1.000000000000000056e-01 0.000000000000000000e+00 6.746597246895846877e-04
1.000000000000000000e+02 3.900087319141690045e+01 3.941209470091016556e+02 1.000000000000000056e-01 0.000000000000000000e+00 6.034858691430377729e-04
1.010000000000000000e+02 4.150833064087793645e+01 4.331218202005185276e+02 1.000000000000000056e-01 0.000000000000000000e+00 5.347238343440820739e-04
1.020000000000000000e+02 4.409390174688180508e+01 4.746301508413964712e+02 1.000000000000000056e-01 0.000000000000000000e+00 4.690490069702162620e-04
1.030000000000000000e+02 4.675758650942850636e+01 5.187240525882782549e+02 1.000000000000000056e-01 0.000000000000000000e+00 4.070024133293449840e-04
1.040000000000000000e+02 4.949938492851801897e+01 5.654816390977067613e+02 1.000000000000000056e-01 0.000000000000000000e+00 3.489952864740884309e-04
1.050000000000000000e+02 5.231929700415037132e+01 6.149810240262247589e+02 1.000000000000000056e-01 0.000000000000000000e+00 2.953153390054627948e-04
1.060000000000000000e+02 5.521732273632554922e+01 6.673003210303751302e+02 1.000000000000000056e-01 0.000000000000000000e+00 2.461347834274386567e-04
1.070000000000000000e+02 5.819346212504355265e+01 7.225176437667006439e+02 1.000000000000000056e-01 0.000000000000000000e+00 2.015200069476383283e-04
1.080000000000000000e+02 6.124771517030436740e+01 7.807111058917441824e+02 1.000000000000000056e-01 0.000000000000000000e+00 1.614426977977794690e-04
1.090000000000000000e+02 6.438008187210802191e+01 8.419588210620485142e+02 1.000000000000000056e-01 0.000000000000000000e+00 1.257921325612168636e-04
1.100000000000000000e+02 6.759056223045450906e+01 9.063389029341565220e+02 1.000000000000000056e-01 0.000000000000000000e+00 9.438826674346323289e-05
1.110000000000000000e+02 7.087915624534379333e+01 9.739294651646109742e+02 1.000000000000000056e-01 0.000000000000000000e+00 6.699522612548861858e-05
1.120000000000000000e+02 7.424586391677593156e+01 1.044808621409954867e+03 1.000000000000000056e-01 0.000000000000000000e+00 4.333477556857149145e-05
1.130000000000000000e+02 7.769068524475089532e+01 1.119054485326730855e+03 1.000000000000000056e-01 0.000000000000000000e+00 2.309934640235850885e-05
1.140000000000000000e+02 8.121362022926868462e+01 1.196745170571481822e+03 1.000000000000000056e-01 0.000000000000000000e+00 5.964246497550415567e-06
1.150000000000000000e+02 8.481466887032929947e+01 1.277958790800750421e+03 1.000000000000000056e-01 0.000000000000000000e+00 -8.401364022049458971e-06
1.160000000000000000e+02 8.849383116793273985e+01 1.362773459671079763e+03 1.000000000000000056e-01 0.000000000000000000e+00 -2.032476720971693689e-05
1.170000000000000000e+02 9.225110712207897734e+01 1.451267290839012503e+03 1.000000000000000056e-01 0.000000000000000000e+00 -3.012176289174358431e-05
1.180000000000000000e+02 9.608649673276808301e+01 1.543518397961091523e+03 1.000000000000000056e-01 0.000000000000000000e+00 -3.809032521770740177e-05
1.190000000000000000e+02 1.000000000000000000e+02 1.639604894693859706e+03 1.000000000000000056e-01 0.000000000000000000e+00 -4.450596583981201987e-05
