0.000000000000000000e+00 9.999999999999998040e-04 0.000000000000000000e+00 0.000000000000000000e+00 -3.468892624522627085e-03 -1.387778780781445367e-17
1.000000000000000000e+00 1.328353921286986152e-03 9.999999999999998040e-04 1.111111111111111110e-03 -3.468892624522627085e-03 -1.387778780781445367e-17
2.000000000000000000e+00 1.703246193622522152e-03 2.328353921286985956e-03 2.222222222222222220e-03 -3.468892624522627085e-03 6.382791426397828644e-07
3.000000000000000000e+00 2.124676817006607155e-03 4.031600114909507891e-03 3.333333333333333114e-03 -3.468892624522627085e-03 1.534461559567014742e-06
4.000000000000000000e+00 2.592645791439241593e-03 6.156276931916115046e-03 4.444444444444444441e-03 -3.468892624522627085e-03 2.619916664161763804e-06
5.000000000000000000e+00 3.107153116920425250e-03 8.748922723355357506e-03 5.555555555555555768e-03 -3.468892624522627085e-03 3.836993722862840016e-06
6.000000000000000000e+00 3.668198793450157692e-03 1.185607584027578362e-02 6.666666666666666227e-03 -3.468892624522627085e-03 5.137613022327748985e-06
7.000000000000000000e+00 4.275782821028440220e-03 1.552427463372594088e-02 7.777777777777777554e-03 -3.468892624522627085e-03 6.481938824563678352e-06
8.000000000000000000e+00 4.929905199655270666e-03 1.980005745475438284e-02 8.888888888888888881e-03 -3.468892624522627085e-03 7.837171206970580385e-06
9.000000000000000000e+00 5.630565929330651198e-03 2.472996265440965263e-02 1.000000000000000021e-02 -3.468892624522627085e-03 9.176471514804036649e-06
1.000000000000000000e+01 6.377765010054581817e-03 3.036052858374030383e-02 1.000000000000000021e-02 -3.468892624522627085e-03 1.047802233710948612e-05
1.100000000000000000e+01 7.171502441827059919e-03 3.673829359379488652e-02 1.000000000000000021e-02 -3.468688542889974014e-03 1.046458117330754997e-05
1.200000000000000000e+01 8.011778224648088975e-03 4.390979603562194383e-02 1.000000000000000021e-02 -3.468484461257320944e-03 1.043044858688482160e-05
1.300000000000000000e+01 8.898592358517667250e-03 5.192157426027003281e-02 1.000000000000000021e-02 -3.468280379624667873e-03 1.039423886349470069e-05
1.400000000000000000e+01 9.831944843435795611e-03 6.082016661878769659e-02 1.000000000000000021e-02 -3.468076297992014802e-03 1.035579634569331319e-05
1.500000000000000000e+01 1.081183567940246885e-02 7.065211146222349914e-02 1.000000000000000021e-02 -3.467872216359361732e-03 1.031496541078439234e-05
1.600000000000000000e+01 1.183826486641769565e-02 8.146394714162596973e-02 1.000000000000000021e-02 -3.467668134726708661e-03 1.027159231910971515e-05
1.700000000000000000e+01 1.291123240448147080e-02 9.330221200804367232e-02 1.000000000000000021e-02 -3.467464053094055591e-03 1.022552726007832849e-05
1.800000000000000000e+01 1.403073829359379431e-02 1.062134444125251431e-01 1.000000000000000021e-02 -3.467259971461402520e-03 1.017662656656268750e-05
1.900000000000000000e+01 1.519678253375466789e-02 1.202441827061189322e-01 1.000000000000000021e-02 -3.467055889828749449e-03 1.012475502641008777e-05
2.000000000000000000e+01 1.640936512496409677e-02 1.354409652398735897e-01 1.000000000000000021e-02 -3.466851808196096379e-03 1.006978824062910094e-05
2.100000000000000000e+01 1.766848606722205839e-02 1.518503303648376934e-01 1.000000000000000021e-02 -3.466647726563443308e-03 1.001161496586921247e-05
2.200000000000000000e+01 1.897414536052858397e-02 1.695188164320597379e-01 1.000000000000000021e-02 -3.466443644930790238e-03 9.950139362305835739e-06
2.300000000000000000e+01 2.032634300488365964e-02 1.884929617925883150e-01 1.000000000000000021e-02 -3.466239563298137167e-03 9.885283093427220982e-06
2.400000000000000000e+01 2.172507900028726804e-02 2.088193047974719607e-01 1.000000000000000021e-02 -3.466035481665484096e-03 9.816987214339858186e-06
2.500000000000000000e+01 2.317035334673944041e-02 2.305443837977592392e-01 1.000000000000000021e-02 -3.465831400032831026e-03 9.745213790015073521e-06
2.600000000000000000e+01 2.466216604424016634e-02 2.537147371444986588e-01 1.000000000000000021e-02 -3.465627318400177955e-03 9.669947213350473016e-06
2.700000000000000000e+01 2.620051709278942154e-02 2.783769031887388112e-01 1.000000000000000021e-02 -3.465423236767524885e-03 9.591195184189864198e-06
2.800000000000000000e+01 2.778540649238724417e-02 3.045774202815282328e-01 1.000000000000000021e-02 -3.465219155134871814e-03 9.508989340291757757e-06
2.900000000000000000e+01 2.941683424303361688e-02 3.323628267739154873e-01 1.000000000000000021e-02 -3.465015073502218743e-03 9.423385528073071284e-06
3.000000000000000000e+01 3.109480034472851886e-02 3.617796610169490834e-01 1.000000000000000021e-02 -3.464810991869565673e-03 9.334463734105746241e-06
3.100000000000000000e+01 3.281930479747199175e-02 3.928744613616775849e-01 1.000000000000000021e-02 -3.464606910236912602e-03 9.242327675979932549e-06
3.200000000000000000e+01 3.459034760126401126e-02 4.256937661591495559e-01 1.000000000000000021e-02 -3.464402828604259531e-03 9.147104097322171512e-06
3.300000000000000000e+01 3.640792875610456003e-02 4.602841137604135602e-01 1.000000000000000021e-02 -3.464198746971606461e-03 9.048941779904343962e-06
3.400000000000000000e+01 3.827204826199367971e-02 4.966920425165181063e-01 1.000000000000000021e-02 -3.463994665338953390e-03 8.948010303687820743e-06
3.500000000000000000e+01 4.018270611893134947e-02 5.349640907785118138e-01 1.000000000000000021e-02 -3.463790583706300753e-03 8.844498593236828783e-06
3.600000000000000000e+01 4.213990232691754156e-02 5.751467968974431910e-01 1.000000000000000021e-02 -3.463586502073647683e-03 8.738613254395532703e-06
3.700000000000000000e+01 4.414363688595231150e-02 6.172866992243607465e-01 1.000000000000000021e-02 -3.463382420440994612e-03 8.630576741728440094e-06
3.800000000000000000e+01 4.619390979603562458e-02 6.614303361103130996e-01 1.000000000000000021e-02 -3.463178338808341541e-03 8.520625348510765359e-06
3.900000000000000000e+01 4.829072105716746693e-02 7.076242459063487589e-01 1.000000000000000021e-02 -3.462974257175688471e-03 8.409007050736956181e-06
4.000000000000000000e+01 5.043407066934788713e-02 7.559149669635162327e-01 1.000000000000000021e-02 -3.462770175543035400e-03 8.295979193912014006e-06
4.100000000000000000e+01 5.262395863257685047e-02 8.063490376328641407e-01 1.000000000000000021e-02 -3.462566093910382330e-03 8.181806046565307536e-06
4.200000000000000000e+01 5.486038494685434308e-02 8.589729962654409912e-01 1.000000000000000021e-02 -3.462362012277729259e-03 8.066756217062621457e-06
4.300000000000000000e+01 5.714334961218040659e-02 9.138333812122952926e-01 1.000000000000000021e-02 -3.462157930645076188e-03 7.951099960227050412e-06
4.400000000000000000e+01 5.947285262855502019e-02 9.709767308244756645e-01 1.000000000000000021e-02 -3.461953849012423118e-03 7.835106393591780797e-06
4.500000000000000000e+01 6.184889399597815612e-02 1.030449583453030726e+00 1.000000000000000021e-02 -3.461749767379770047e-03 7.719040657824683679e-06
4.600000000000000000e+01 6.427147371444986990e-02 1.092298477449008987e+00 1.000000000000000021e-02 -3.461545685747116977e-03 7.603161053830130793e-06
4.700000000000000000e+01 6.674059178397012682e-02 1.156569951163458843e+00 1.000000000000000021e-02 -3.461341604114463906e-03 7.487716228707859828e-06
4.800000000000000000e+01 6.925624820453890607e-02 1.223310542947428914e+00 1.000000000000000021e-02 -3.461137522481810835e-03 7.372942450481430443e-06
4.900000000000000000e+01 7.181844297615627704e-02 1.292566791151967820e+00 1.000000000000000021e-02 -3.460933440849157765e-03 7.259061053371476199e-06
5.000000000000000000e+01 7.442717609882218421e-02 1.364385234128124180e+00 1.000000000000000021e-02 -3.460729359216504694e-03 7.146276115556863547e-06
5.100000000000000000e+01 7.708244757253664148e-02 1.438812410226946392e+00 1.000000000000000021e-02 -3.460525277583851624e-03 7.034772446820915711e-06
5.200000000000000000e+01 7.978425739729962107e-02 1.515894857799483075e+00 1.000000000000000021e-02 -3.460321195951198553e-03 6.924713945212437594e-06
5.300000000000000000e+01 8.253260557311117851e-02 1.595679115196782627e+00 1.000000000000000021e-02 -3.460117114318545482e-03 6.816242395267176010e-06
5.400000000000000000e+01 8.532749209997125828e-02 1.678211720769893889e+00 1.000000000000000021e-02 -3.459913032685892412e-03 6.709476741917289355e-06
5.500000000000000000e+01 8.816891697787991589e-02 1.763539212869865036e+00 1.000000000000000021e-02 -3.459708951053239341e-03 6.604512889055284671e-06
5.600000000000000000e+01 9.105688020683712358e-02 1.851708129847744910e+00 1.000000000000000021e-02 -3.459504869420586270e-03 6.501424035753557109e-06
5.700000000000000000e+01 9.399138178684283973e-02 1.942765010054582131e+00 1.000000000000000021e-02 -3.459300787787933200e-03 6.400261547203422485e-06
5.800000000000000000e+01 9.697242171789714760e-02 2.036756391841425096e+00 1.000000000000000021e-02 -3.459096706155280129e-03 6.301056352329155063e-06
5.900000000000000000e+01 1.000000000000000056e-01 2.133728813559322202e+00 1.000000000000000021e-02 -3.458892624522627059e-03 6.203820828818095298e-06
6.000000000000000000e+01 9.999999999999998040e-04 2.233728813559322290e+00 1.000000000000000021e-02 -3.458892624522627059e-03 6.108551112551786014e-06
6.100000000000000000e+01 3.999999999999999216e-03 2.234728813559322180e+00 1.000000000000000021e-02 -3.074571221797890719e-03 6.107793619640611051e-06
6.200000000000000000e+01 9.000000000000001055e-03 2.238728813559322184e+00 1.000000000000000021e-02 -2.690249819073154379e-03 -5.500808018258077547e-05
6.300000000000000000e+01 1.599999999999999686e-02 2.247728813559322081e+00 1.000000000000000021e-02 -2.305928416348418039e-03 -1.716663267274903652e-04
6.400000000000000000e+01 2.500000000000000833e-02 2.263728813559322095e+00 1.000000000000000021e-02 -1.921607013623681699e-03 -3.559414896058010779e-04
6.500000000000000000e+01 3.600000000000000422e-02 2.288728813559322006e+00 1.000000000000000021e-02 -1.537285610898945359e-03 -6.240576772836976772e-04
6.600000000000000000e+01 4.900000000000000189e-02 2.324728813559322038e+00 1.000000000000000021e-02 -1.152964208174209020e-03 -1.000043134093223877e-03
6.700000000000000000e+01 6.400000000000001521e-02 2.373728813559321971e+00 1.000000000000000021e-02 -7.686428054494726797e-04 -1.524400161381164048e-03
6.800000000000000000e+01 8.100000000000001643e-02 2.437728813559322028e+00 1.000000000000000021e-02 -3.843214027247363399e-04 -2.276662503332979506e-03
6.900000000000000000e+01 1.000000000000000056e-01 2.518728813559321988e+00 1.000000000000000021e-02 0.000000000000000000e+00 -3.445073006999998123e-03
7.000000000000000000e+01 1.000000000000000056e-01 2.618728813559322077e+00 1.000000000000000021e-02 0.000000000000000000e+00 -5.624865844872796450e-03
7.100000000000000000e+01 2.640477531762450703e-01 2.718728813559322166e+00 1.000000000000000021e-02 0.000000000000000000e+00 -5.513104663018185067e-03
7.200000000000000000e+01 5.062091628953167000e-01 2.982776566735567236e+00 1.000000000000000021e-02 0.000000000000000000e+00 -5.265511183699623718e-03
7.300000000000000000e+01 8.264842291572147559e-01 3.488985729630884158e+00 1.000000000000000021e-02 0.000000000000000000e+00 -4.950514474281946659e-03
7.400000000000000000e+01 1.224872951961939460e+00 4.315469958788098914e+00 1.000000000000000021e-02 0.000000000000000000e+00 -4.668744037294485054e-03
7.500000000000000000e+01 1.701375331309490813e+00 5.540342910750037930e+00 1.000000000000000021e-02 0.000000000000000000e+00 -4.423810249332506273e-03
7.600000000000000000e+01 2.255991367199868591e+00 7.241718242059528521e+00 1.000000000000000021e-02 0.000000000000000000e+00 -4.140706821835296071e-03
7.700000000000000000e+01 2.888721059633073018e+00 9.497709609259397112e+00 1.000000000000000021e-02 0.000000000000000000e+00 -3.767946862513523593e-03
7.800000000000000000e+01 3.599564408609104316e+00 1.238643066889246924e+01 1.000000000000000021e-02 0.000000000000000000e+00 -3.315805855404801907e-03
7.900000000000000000e+01 4.388521414127962039e+00 1.598599507750157400e+01 1.000000000000000021e-02 0.000000000000000000e+00 -2.827303731742344863e-03
8.000000000000000000e+01 5.255592076189644857e+00 2.037451649162953515e+01 1.000000000000000021e-02 0.000000000000000000e+00 -2.344175151672508312e-03
8.100000000000000000e+01 6.200776394794156765e+00 2.563010856781917823e+01 1.000000000000000021e-02 0.000000000000000000e+00 -1.893385933567619727e-03
8.200000000000000000e+01 7.224074369941492435e+00 3.183088496261333589e+01 1.000000000000000021e-02 0.000000000000000000e+00 -1.487781669590152291e-03
8.300000000000000000e+01 8.325486001631658084e+00 3.905495933255483010e+01 1.000000000000000021e-02 0.000000000000000000e+00 -1.130906827314544661e-03
8.400000000000000000e+01 9.505011289864645718e+00 4.738044533418648996e+01 1.000000000000000021e-02 0.000000000000000000e+00 -8.213181975424997455e-04
8.500000000000000000e+01 1.076265023464046422e+01 5.688545662405113745e+01 1.000000000000000021e-02 0.000000000000000000e+00 -5.553637994060739045e-04
8.600000000000000000e+01 1.209840283595910648e+01 6.764810685869160523e+01 1.000000000000000021e-02 0.000000000000000000e+00 -3.286990579870690361e-04
8.700000000000000000e+01 1.351226909382057428e+01 7.974650969465071171e+01 1.000000000000000021e-02 0.000000000000000000e+00 -1.370149381228160290e-04
8.800000000000000000e+01 1.500424900822487295e+01 9.325877878847128954e+01 1.000000000000000021e-02 0.000000000000000000e+00 2.366288794424590335e-05
8.900000000000000000e+01 1.657434257917199005e+01 1.082630277966961643e+02 1.000000000000000021e-02 0.000000000000000000e+00 1.568875412184557710e-04
9.000000000000000000e+01 1.822254980666194157e+01 1.248373703758681472e+02 1.000000000000000021e-02 0.000000000000000000e+00 2.658005557989036012e-04
9.100000000000000000e+01 1.994887069069471863e+01 1.430599201825300781e+02 1.000000000000000021e-02 0.000000000000000000e+00 3.531794446013642569e-04
9.200000000000000000e+01 2.175330523127032478e+01 1.630087908732247968e+02 1.000000000000000021e-02 0.000000000000000000e+00 4.214922936294551508e-04
9.300000000000000000e+01 2.363585342838875647e+01 1.847620961044951287e+02 1.000000000000000021e-02 0.000000000000000000e+00 4.729549110015452903e-04
9.400000000000000000e+01 2.559651528205000659e+01 2.083979495328838993e+02 1.000000000000000021e-02 0.000000000000000000e+00 5.095734555478972916e-04
9.500000000000000000e+01 2.763529079225408935e+01 2.339944648149339059e+02 1.000000000000000021e-02 0.000000000000000000e+00 5.331818146071362792e-04
9.600000000000000000e+01 2.975217995900100121e+01 2.616297556071879740e+02 1.000000000000000021e-02 0.000000000000000000e+00 5.454690371390469696e-04
9.700000000000000000e+01 3.194718278229072794e+01 2.913819355661889858e+02 1.000000000000000021e-02 0.000000000000000000e+00 5.479990615515387912e-04
9.800000000000000000e+01 3.422029926212329087e+01 3.233291183484797102e+02 1.000000000000000021e-02 0.000000000000000000e+00 5.422240891009226082e-04
9.900000000000000000e+01 3.657152939849868289e+01 3.575494176106029727e+02 1.000000000000000021e-02 0.000000000000000000e+00 5.294929833431892162e-04
1.000000000000000000e+02 3.900087319141690045e+01 3.941209470091016556e+02 1.000000000000000021e-02 0.000000000000000000e+00 5.110559785316640688e-04
1.010000000000000000e+02 4.150833064087793645e+01 4.331218202005185276e+02 1.000000000000000021e-02 0.000000000000000000e+00 4.880668282655652905e-04
1.020000000000000000e+02 4.409390174688180508e+01 4.746301508413964712e+02 1.000000000000000021e-02 0.000000000000000000e+00 4.615833541867954545e-04
1.030000000000000000e+02 4.675758650942850636e+01 5.187240525882782549e+02 1.000000000000000021e-02 0.000000000000000000e+00 4.325671832908616217e-04
1.040000000000000000e+02 4.949938492851801897e+01 5.654816390977067613e+02 1.000000000000000021e-02 0.000000000000000000e+00 4.018833004623412739e-04
1.050000000000000000e+02 5.231929700415037132e+01 6.149810240262247589e+02 1.000000000000000021e-02 0.000000000000000000e+00 3.702998964955042834e-04
1.060000000000000000e+02 5.521732273632554922e+01 6.673003210303751302e+02 1.000000000000000021e-02 0.000000000000000000e+00 3.384888625749290342e-04
1.070000000000000000e+02 5.819346212504355265e+01 7.225176437667006439e+02 1.000000000000000021e-02 0.000000000000000000e+00 3.070271697705911668e-04
1.080000000000000000e+02 6.124771517030436740e+01 7.807111058917441824e+02 1.000000000000000021e-02 0.000000000000000000e+00 2.763992759193272431e-04
1.090000000000000000e+02 6.438008187210802191e+01 8.419588210620485142e+02 1.000000000000000021e-02 0.000000000000000000e+00 2.470006195147270481e-04
1.100000000000000000e+02 6.759056223045450906e+01 9.063389029341565220e+02 1.000000000000000021e-02 0.000000000000000000e+00 2.191421901872101614e-04
1.110000000000000000e+02 7.087915624534379333e+01 9.739294651646109742e+02 1.000000000000000021e-02 0.000000000000000000e+00 1.930561053843217012e-04
1.120000000000000000e+02 7.424586391677593156e+01 1.044808621409954867e+03 1.000000000000000021e-02 0.000000000000000000e+00 1.689020734265167013e-04
1.130000000000000000e+02 7.769068524475089532e+01 1.119054485326730855e+03 1.000000000000000021e-02 0.000000000000000000e+00 1.467745827729755623e-04
1.140000000000000000e+02 8.121362022926868462e+01 1.196745170571481822e+03 1.000000000000000021e-02 0.000000000000000000e+00 1.267106271343383954e-04
1.150000000000000000e+02 8.481466887032929947e+01 1.277958790800750421e+03 1.000000000000000021e-02 0.000000000000000000e+00 1.086977560618455424e-04
1.160000000000000000e+02 8.849383116793273985e+01 1.362773459671079763e+03 1.000000000000000021e-02 0.000000000000000000e+00 9.268223183257351535e-05
1.170000000000000000e+02 9.225110712207897734e+01 1.451267290839012503e+03 1.000000000000000021e-02 0.000000000000000000e+00 7.857707510703349743e-05
1.180000000000000000e+02 9.608649673276808301e+01 1.543518397961091523e+03 1.000000000000000021e-02 0.000000000000000000e+00 6.626980303783185436e-05
1.190000000000000000e+02 1.000000000000000000e+02 1.639604894693859706e+03 1.000000000000000021e-02 0.000000000000000000e+00 5.562962676758310461e-05
