0.000000000000000000e+00 9.999999999999998040e-04 0.000000000000000000e+00 0.000000000000000000e+00 -3.468892624522627085e-03 -1.387778780781445367e-17
1.000000000000000000e+00 1.328353921286986152e-03 9.999999999999998040e-04 1.111111111111111049e-01 -3.468892624522627085e-03 -1.387778780781445367e-17
2.000000000000000000e+00 1.703246193622522152e-03 2.328353921286985956e-03 2.222222222222222099e-01 -3.468892624522627085e-03 -1.268295606366851220e-04
3.000000000000000000e+00 2.124676817006607155e-03 4.031600114909507891e-03 3.333333333333333148e-01 -3.468892624522627085e-03 -3.936133878137594187e-04
4.000000000000000000e+00 2.592645791439241593e-03 6.156276931916115046e-03 4.444444444444444198e-01 -3.468892624522627085e-03 -6.217597440699243212e-04
5.000000000000000000e+00 3.107153116920425250e-03 8.748922723355357506e-03 5.555555555555555802e-01 -3.468892624522627085e-03 -8.079531352891892830e-04
6.000000000000000000e+00 3.668198793450157692e-03 1.185607584027578362e-02 6.666666666666666297e-01 -3.468892624522627085e-03 -9.616937797477689669e-04
7.000000000000000000e+00 4.275782821028440220e-03 1.552427463372594088e-02 7.777777777777776791e-01 -3.468892624522627085e-03 -1.091557958318870166e-03
8.000000000000000000e+00 4.929905199655270666e-03 1.980005745475438284e-02 8.888888888888888395e-01 -3.468892624522627085e-03 -1.203879965103444574e-03
9.000000000000000000e+00 5.630565929330651198e-03 2.472996265440965263e-02 1.000000000000000000e+00 -3.468892624522627085e-03 -1.303185928423246376e-03
1.000000000000000000e+01 6.377765010054581817e-03 3.036052858374030383e-02 1.000000000000000000e+00 -3.468892624522627085e-03 -1.392736187152297453e-03
1.100000000000000000e+01 7.171502441827059919e-03 3.673829359379488652e-02 1.000000000000000000e+00 -3.448484461257320891e-03 -1.398084735668592626e-03
1.200000000000000000e+01 8.011778224648088975e-03 4.390979603562194383e-02 1.000000000000000000e+00 -3.428076297992014698e-03 -1.402991639898478740e-03
1.300000000000000000e+01 8.898592358517667250e-03 5.192157426027003281e-02 1.000000000000000000e+00 -3.407668134726708938e-03 -1.408541894324697114e-03
1.400000000000000000e+01 9.831944843435795611e-03 6.082016661878769659e-02 1.000000000000000000e+00 -3.387259971461402744e-03 -1.414755589891054585e-03
1.500000000000000000e+01 1.081183567940246885e-02 7.065211146222349914e-02 1.000000000000000000e+00 -3.366851808196096550e-03 -1.421650137433172695e-03
1.600000000000000000e+01 1.183826486641769565e-02 8.146394714162596973e-02 1.000000000000000000e+00 -3.346443644930790356e-03 -1.429240009384975460e-03
1.700000000000000000e+01 1.291123240448147080e-02 9.330221200804367232e-02 1.000000000000000000e+00 -3.326035481665484163e-03 -1.437536444618249662e-03
1.800000000000000000e+01 1.403073829359379431e-02 1.062134444125251431e-01 1.000000000000000000e+00 -3.305627318400177969e-03 -1.446547142934697348e-03
1.900000000000000000e+01 1.519678253375466789e-02 1.202441827061189322e-01 1.000000000000000000e+00 -3.285219155134871775e-03 -1.456275956660205411e-03
2.000000000000000000e+01 1.640936512496409677e-02 1.354409652398735897e-01 1.000000000000000000e+00 -3.264810991869566015e-03 -1.466722586644729053e-03
2.100000000000000000e+01 1.766848606722205839e-02 1.518503303648376934e-01 1.000000000000000000e+00 -3.244402828604259822e-03 -1.477882291789563889e-03
2.200000000000000000e+01 1.897414536052858397e-02 1.695188164320597379e-01 1.000000000000000000e+00 -3.223994665338953628e-03 -1.489745620706390368e-03
2.300000000000000000e+01 2.032634300488365964e-02 1.884929617925883150e-01 1.000000000000000000e+00 -3.203586502073647434e-03 -1.502298174747564077e-03
2.400000000000000000e+01 2.172507900028726804e-02 2.088193047974719607e-01 1.000000000000000000e+00 -3.183178338808341241e-03 -1.515520411616906810e-03
2.500000000000000000e+01 2.317035334673944041e-02 2.305443837977592392e-01 1.000000000000000000e+00 -3.162770175543035481e-03 -1.529387497767462772e-03
2.600000000000000000e+01 2.466216604424016634e-02 2.537147371444986588e-01 1.000000000000000000e+00 -3.142362012277729287e-03 -1.543869218768949151e-03
2.700000000000000000e+01 2.620051709278942154e-02 2.783769031887388112e-01 1.000000000000000000e+00 -3.121953849012423093e-03 -1.558929954481834846e-03
2.800000000000000000e+01 2.778540649238724417e-02 3.045774202815282328e-01 1.000000000000000000e+00 -3.101545685747116900e-03 -1.574528726964920505e-03
2.900000000000000000e+01 2.941683424303361688e-02 3.323628267739154873e-01 1.000000000000000000e+00 -3.081137522481810706e-03 -1.590619327149028284e-03
3.000000000000000000e+01 3.109480034472851886e-02 3.617796610169490834e-01 1.000000000000000000e+00 -3.060729359216504512e-03 -1.607150525819456234e-03
3.100000000000000000e+01 3.281930479747199175e-02 3.928744613616775849e-01 1.000000000000000000e+00 -3.040321195951198319e-03 -1.624066373146312425e-03
3.200000000000000000e+01 3.459034760126401126e-02 4.256937661591495559e-01 1.000000000000000000e+00 -3.019913032685892559e-03 -1.641306589478452307e-03
3.300000000000000000e+01 3.640792875610456003e-02 4.602841137604135602e-01 1.000000000000000000e+00 -2.999504869420586365e-03 -1.658807047927825327e-03
3.400000000000000000e+01 3.827204826199367971e-02 4.966920425165181063e-01 1.000000000000000000e+00 -2.979096706155280171e-03 -1.676500346372675589e-03
3.500000000000000000e+01 4.018270611893134947e-02 5.349640907785118138e-01 1.000000000000000000e+00 -2.958688542889973978e-03 -1.694316464163490594e-03
3.600000000000000000e+01 4.213990232691754156e-02 5.751467968974431910e-01 1.000000000000000000e+00 -2.938280379624667784e-03 -1.712183493954663131e-03
3.700000000000000000e+01 4.414363688595231150e-02 6.172866992243607465e-01 1.000000000000000000e+00 -2.917872216359362024e-03 -1.730028436295669722e-03
3.800000000000000000e+01 4.619390979603562458e-02 6.614303361103130996e-01 1.000000000000000000e+00 -2.897464053094055830e-03 -1.747778040488494897e-03
3.900000000000000000e+01 4.829072105716746693e-02 7.076242459063487589e-01 1.000000000000000000e+00 -2.877055889828749637e-03 -1.765359671211710543e-03
4.000000000000000000e+01 5.043407066934788713e-02 7.559149669635162327e-01 1.000000000000000000e+00 -2.856647726563443443e-03 -1.782702178400214030e-03
4.100000000000000000e+01 5.262395863257685047e-02 8.063490376328641407e-01 1.000000000000000000e+00 -2.836239563298137249e-03 -1.799736745396590719e-03
4.200000000000000000e+01 5.486038494685434308e-02 8.589729962654409912e-01 1.000000000000000000e+00 -2.815831400032831056e-03 -1.816397690290966725e-03
4.300000000000000000e+01 5.714334961218040659e-02 9.138333812122952926e-01 1.000000000000000000e+00 -2.795423236767524862e-03 -1.832623195515818617e-03
4.400000000000000000e+01 5.947285262855502019e-02 9.709767308244756645e-01 1.000000000000000000e+00 -2.775015073502218668e-03 -1.848355943517000950e-03
4.500000000000000000e+01 6.184889399597815612e-02 1.030449583453030726e+00 1.000000000000000000e+00 -2.754606910236912908e-03 -1.863543639720090760e-03
4.600000000000000000e+01 6.427147371444986990e-02 1.092298477449008987e+00 1.000000000000000000e+00 -2.734198746971606715e-03 -1.878139407716416858e-03
4.700000000000000000e+01 6.674059178397012682e-02 1.156569951163458843e+00 1.000000000000000000e+00 -2.713790583706300521e-03 -1.892102048066348968e-03
4.800000000000000000e+01 6.925624820453890607e-02 1.223310542947428914e+00 1.000000000000000000e+00 -2.693382420440994327e-03 -1.905396156975256534e-03
4.900000000000000000e+01 7.181844297615627704e-02 1.292566791151967820e+00 1.000000000000000000e+00 -2.672974257175688567e-03 -1.917992107136178492e-03
5.000000000000000000e+01 7.442717609882218421e-02 1.364385234128124180e+00 1.000000000000000000e+00 -2.652566093910382373e-03 -1.929865897986528028e-03
5.100000000000000000e+01 7.708244757253664148e-02 1.438812410226946392e+00 1.000000000000000000e+00 -2.632157930645076180e-03 -1.940998887990655168e-03
5.200000000000000000e+01 7.978425739729962107e-02 1.515894857799483075e+00 1.000000000000000000e+00 -2.611749767379769986e-03 -1.951377424663737785e-03
5.300000000000000000e+01 8.253260557311117851e-02 1.595679115196782627e+00 1.000000000000000000e+00 -2.591341604114463792e-03 -1.960992391249169291e-03
5.400000000000000000e+01 8.532749209997125828e-02 1.678211720769893889e+00 1.000000000000000000e+00 -2.570933440849157599e-03 -1.969838690277024573e-03
5.500000000000000000e+01 8.816891697787991589e-02 1.763539212869865036e+00 1.000000000000000000e+00 -2.550525277583851405e-03 -1.977914685105570686e-03
5.600000000000000000e+01 9.105688020683712358e-02 1.851708129847744910e+00 1.000000000000000000e+00 -2.530117114318545211e-03 -1.985221620342513590e-03
5.700000000000000000e+01 9.399138178684283973e-02 1.942765010054582131e+00 1.000000000000000000e+00 -2.509708951053239451e-03 -1.991763040357135296e-03
5.800000000000000000e+01 9.697242171789714760e-02 2.036756391841425096e+00 1.000000000000000000e+00 -2.489300787787933258e-03 -1.997544223933517965e-03
5.900000000000000000e+01 1.000000000000000056e-01 2.133728813559322202e+00 1.000000000000000000e+00 -2.468892624522627064e-03 -2.002571650565048312e-03
6.000000000000000000e+01 9.999999999999998040e-04 2.233728813559322290e+00 1.000000000000000000e+00 -2.468892624522627064e-03 -2.006852511610035528e-03
6.100000000000000000e+01 3.999999999999999216e-03 2.234728813559322180e+00 1.000000000000000000e+00 -2.194571221797890579e-03 -2.006889195268555214e-03
6.200000000000000000e+01 9.000000000000001055e-03 2.238728813559322184e+00 1.000000000000000000e+00 -1.920249819073154528e-03 -2.015820236956929537e-03
6.300000000000000000e+01 1.599999999999999686e-02 2.247728813559322081e+00 1.000000000000000000e+00 -1.645928416348418043e-03 -2.025105068359082418e-03
6.400000000000000000e+01 2.500000000000000833e-02 2.263728813559322095e+00 1.000000000000000000e+00 -1.371607013623681775e-03 -2.032450809447181473e-03
6.500000000000000000e+01 3.600000000000000422e-02 2.288728813559322006e+00 1.000000000000000000e+00 -1.097285610898945506e-03 -2.034527003111258597e-03
6.600000000000000000e+01 4.900000000000000189e-02 2.324728813559322038e+00 1.000000000000000000e+00 -8.229642081742090214e-04 -2.026937443740964035e-03
6.700000000000000000e+01 6.400000000000001521e-02 2.373728813559321971e+00 1.000000000000000000e+00 -5.486428054494727532e-04 -2.004309837551648821e-03
6.800000000000000000e+01 8.100000000000001643e-02 2.437728813559322028e+00 1.000000000000000000e+00 -2.743214027247364850e-04 -1.960533744196959246e-03
6.900000000000000000e+01 1.000000000000000056e-01 2.518728813559321988e+00 1.000000000000000000e+00 0.000000000000000000e+00 -1.889112041179275350e-03
7.000000000000000000e+01 1.000000000000000056e-01 2.618728813559322077e+00 1.000000000000000000e+00 0.000000000000000000e+00 -1.783496799547301063e-03
7.100000000000000000e+01 2.640477531762450703e-01 2.718728813559322166e+00 1.000000000000000000e+00 0.000000000000000000e+00 -1.683194303072173747e-03
7.200000000000000000e+01 5.062091628953167000e-01 2.982776566735567236e+00 1.000000000000000000e+00 0.000000000000000000e+00 -1.480605947673875209e-03
7.300000000000000000e+01 8.264842291572147559e-01 3.488985729630884158e+00 1.000000000000000000e+00 0.000000000000000000e+00 -1.229620171670214347e-03
7.400000000000000000e+01 1.224872951961939460e+00 4.315469958788098914e+00 1.000000000000000000e+00 0.000000000000000000e+00 -9.791105018440906388e-04
7.500000000000000000e+01 1.701375331309490813e+00 5.540342910750037930e+00 1.000000000000000000e+00 0.000000000000000000e+00 -7.332719299759537417e-04
7.600000000000000000e+01 2.255991367199868591e+00 7.241718242059528521e+00 1.000000000000000000e+00 0.000000000000000000e+00 -4.877151436060497424e-04
7.700000000000000000e+01 2.888721059633073018e+00 9.497709609259397112e+00 1.000000000000000000e+00 0.000000000000000000e+00 -2.574836679305377843e-04
7.800000000000000000e+01 3.599564408609104316e+00 1.238643066889246924e+01 1.000000000000000000e+00 0.000000000000000000e+00 -6.947482852248818496e-05
7.900000000000000000e+01 4.388521414127962039e+00 1.598599507750157400e+01 1.000000000000000000e+00 0.000000000000000000e+00 5.496802411715349815e-05
8.000000000000000000e+01 5.255592076189644857e+00 2.037451649162953515e+01 1.000000000000000000e+00 0.000000000000000000e+00 1.084283935407860043e-04
8.100000000000000000e+01 6.200776394794156765e+00 2.563010856781917823e+01 1.000000000000000000e+00 0.000000000000000000e+00 9.617214337758782437e-05
8.200000000000000000e+01 7.224074369941492435e+00 3.183088496261333589e+01 1.000000000000000000e+00 0.000000000000000000e+00 3.104131638857839153e-05
8.300000000000000000e+01 8.325486001631658084e+00 3.905495933255483010e+01 1.000000000000000000e+00 0.000000000000000000e+00 -7.146812174527807137e-05
8.400000000000000000e+01 9.505011289864645718e+00 4.738044533418648996e+01 1.000000000000000000e+00 0.000000000000000000e+00 -1.965246528667440691e-04
8.500000000000000000e+01 1.076265023464046422e+01 5.688545662405113745e+01 1.000000000000000000e+00 0.000000000000000000e+00 -3.316526285059714853e-04
8.600000000000000000e+01 1.209840283595910648e+01 6.764810685869160523e+01 1.000000000000000000e+00 0.000000000000000000e+00 -4.672595898056744403e-04
8.700000000000000000e+01 1.351226909382057428e+01 7.974650969465071171e+01 1.000000000000000000e+00 0.000000000000000000e+00 -5.965077789158636928e-04
8.800000000000000000e+01 1.500424900822487295e+01 9.325877878847128954e+01 1.000000000000000000e+00 0.000000000000000000e+00 -7.149079658558765921e-04
8.900000000000000000e+01 1.657434257917199005e+01 1.082630277966961643e+02 1.000000000000000000e+00 0.000000000000000000e+00 -8.198542976304525791e-04
9.000000000000000000e+01 1.822254980666194157e+01 1.248373703758681472e+02 1.000000000000000000e+00 0.000000000000000000e+00 -9.101972215369431548e-04
9.100000000000000000e+01 1.994887069069471863e+01 1.430599201825300781e+02 1.000000000000000000e+00 0.000000000000000000e+00 -9.858809318484681398e-04
9.200000000000000000e+01 2.175330523127032478e+01 1.630087908732247968e+02 1.000000000000000000e+00 0.000000000000000000e+00 -1.047640784325961673e-03
9.300000000000000000e+01 2.363585342838875647e+01 1.847620961044951287e+02 1.000000000000000000e+00 0.000000000000000000e+00 -1.096748488506035357e-03
9.400000000000000000e+01 2.559651528205000659e+01 2.083979495328838993e+02 1.000000000000000000e+00 0.000000000000000000e+00 -1.134795832691123376e-03
9.500000000000000000e+01 2.763529079225408935e+01 2.339944648149339059e+02 1.000000000000000000e+00 0.000000000000000000e+00 -1.163513281394247230e-03
9.600000000000000000e+01 2.975217995900100121e+01 2.616297556071879740e+02 1.000000000000000000e+00 0.000000000000000000e+00 -1.184623904554915012e-03
9.700000000000000000e+01 3.194718278229072794e+01 2.913819355661889858e+02 1.000000000000000000e+00 0.000000000000000000e+00 -1.199734332870969547e-03
9.800000000000000000e+01 3.422029926212329087e+01 3.233291183484797102e+02 1.000000000000000000e+00 0.000000000000000000e+00 -1.210263032901363542e-03
9.900000000000000000e+01 3.657152939849868289e+01 3.575494176106029727e+02 1.000000000000000000e+00 0.000000000000000000e+00 -1.217403360319333763e-03
1.000000000000000000e+02 3.900087319141690045e+01 3.941209470091016556e+02 1.000000000000000000e+00 0.000000000000000000e+00 -1.222115864570366651e-03
1.010000000000000000e+02 4.150833064087793645e+01 4.331218202005185276e+02 1.000000000000000000e+00 0.000000000000000000e+00 -1.225142360930168810e-03
1.020000000000000000e+02 4.409390174688180508e+01 4.746301508413964712e+02 1.000000000000000000e+00 0.000000000000000000e+00 -1.227033676313632037e-03
1.030000000000000000e+02 4.675758650942850636e+01 5.187240525882782549e+02 1.000000000000000000e+00 0.000000000000000000e+00 -1.228183725811781432e-03
1.040000000000000000e+02 4.949938492851801897e+01 5.654816390977067613e+02 1.000000000000000000e+00 0.000000000000000000e+00 -1.228864183246802582e-03
1.050000000000000000e+02 5.231929700415037132e+01 6.149810240262247589e+02 1.000000000000000000e+00 0.000000000000000000e+00 -1.229255950439601648e-03
1.060000000000000000e+02 5.521732273632554922e+01 6.673003210303751302e+02 1.000000000000000000e+00 0.000000000000000000e+00 -1.229475440387316513e-03
1.070000000000000000e+02 5.819346212504355265e+01 7.225176437667006439e+02 1.000000000000000000e+00 0.000000000000000000e+00 -1.229595109759532836e-03
1.080000000000000000e+02 6.124771517030436740e+01 7.807111058917441824e+02 1.000000000000000000e+00 0.000000000000000000e+00 -1.229658607771100818e-03
1.090000000000000000e+02 6.438008187210802191e+01 8.419588210620485142e+02 1.000000000000000000e+00 0.000000000000000000e+00 -1.229691400475581937e-03
1.100000000000000000e+02 6.759056223045450906e+01 9.063389029341565220e+02 1.000000000000000000e+00 0.000000000000000000e+00 -1.229707884781843516e-03
1.110000000000000000e+02 7.087915624534379333e+01 9.739294651646109742e+02 1.000000000000000000e+00 0.000000000000000000e+00 -1.229715951181693020e-03
1.120000000000000000e+02 7.424586391677593156e+01 1.044808621409954867e+03 1.000000000000000000e+00 0.000000000000000000e+00 -1.229719793978933376e-03
1.130000000000000000e+02 7.769068524475089532e+01 1.119054485326730855e+03 1.000000000000000000e+00 0.000000000000000000e+00 -1.229721576454703008e-03
1.140000000000000000e+02 8.121362022926868462e+01 1.196745170571481822e+03 1.000000000000000000e+00 0.000000000000000000e+00 -1.229722381568410482e-03
1.150000000000000000e+02 8.481466887032929947e+01 1.277958790800750421e+03 1.000000000000000000e+00 0.000000000000000000e+00 -1.229722735725482857e-03
1.160000000000000000e+02 8.849383116793273985e+01 1.362773459671079763e+03 1.000000000000000000e+00 0.000000000000000000e+00 -1.229722887491629165e-03
1.170000000000000000e+02 9.225110712207897734e+01 1.451267290839012503e+03 1.000000000000000000e+00 0.000000000000000000e+00 -1.229722950814980068e-03
1.180000000000000000e+02 9.608649673276808301e+01 1.543518397961091523e+03 1.000000000000000000e+00 0.000000000000000000e+00 -1.229722976592233013e-03
1.190000000000000000e+02 1.000000000000000000e+02 1.639604894693859706e+03 1.000000000000000000e+00 0.000000000000000000e+00 -1.229722986793481713e-03
